0 1 0
1 2 0
2 4 0
3 8 0
4 16 0
5 32 0
6 64 0
7 128 0
8 256 0
9 512 0
10 1024 0
11 2048 0
12 4096 0
13 8192 0
14 16384 0
15 32768 0
16 65536 0
17 131072 0
18 262144 0
19 524288 0
20 1048576 0
21 2097152 1
22 4194304 7
23 8388608 39
24 16777216 87
25 33554432 151
26 67108864 171
27 134217728 170
28 268435456 124
29 536870912 93
30 1073741824 65
31 2147483648 36
32 4294967296 30
33 8589934592 16
34 17179869184 7
35 34359738368 3
36 68719476736 0
37 137438953472 0
38 274877906944 0
39 549755813888 0
