0 1 0
1 2 0
2 4 0
3 8 0
4 16 0
5 32 0
6 64 0
7 128 0
8 256 0
9 512 0
10 1024 0
11 2048 0
12 4096 0
13 8192 0
14 16384 0
15 32768 0
16 65536 9
17 131072 19
18 262144 54
19 524288 114
20 1048576 181
21 2097152 170
22 4194304 135
23 8388608 84
24 16777216 65
25 33554432 60
26 67108864 48
27 134217728 27
28 268435456 12
29 536870912 9
30 1073741824 6
31 2147483648 1
32 4294967296 6
33 8589934592 0
34 17179869184 0
35 34359738368 0
36 68719476736 0
37 137438953472 0
38 274877906944 0
39 549755813888 0
