0 1 0
1 2 0
2 4 0
3 8 0
4 16 0
5 32 0
6 64 0
7 128 0
8 256 0
9 512 0
10 1024 0
11 2048 0
12 4096 0
13 8192 0
14 16384 0
15 32768 0
16 65536 0
17 131072 0
18 262144 4
19 524288 57
20 1048576 111
21 2097152 316
22 4194304 560
23 8388608 676
24 16777216 696
25 33554432 535
26 67108864 391
27 134217728 278
28 268435456 155
29 536870912 107
30 1073741824 56
31 2147483648 33
32 4294967296 15
33 8589934592 6
34 17179869184 3
35 34359738368 0
36 68719476736 1
37 137438953472 0
38 274877906944 0
39 549755813888 0
