9.942627917920147107e-01 9.821298545940960745e-01 9.628480280832011351e-01 9.424370112522166831e-01 9.172650875112651203e-01 8.947010122041373359e-01 8.647043518259994732e-01 8.346668859255549355e-01 8.053268896700869206e-01 7.729335904831019510e-01 7.463638678490592815e-01 7.208368098435535831e-01 6.982492433611663385e-01 6.751970128920466996e-01 6.524137228596462723e-01 6.317052608380925305e-01 6.105745252322281047e-01 5.904440541739846005e-01 5.709004708825285990e-01 5.522266091463450266e-01 5.320502744901040026e-01 5.184156102268692168e-01 5.009700338599487601e-01 4.813595000535182411e-01 4.608669052042954628e-01 4.462863882677393090e-01 4.276740515636677786e-01 4.091518885812991946e-01 3.929240436519045310e-01 3.708387207277484832e-01 3.472477533504834124e-01 3.290798600142351149e-01 3.085694512006244006e-01 2.933783618885411615e-01 2.781732732381050899e-01 2.581944151645641505e-01 2.413856158877770719e-01 2.288393874486272239e-01 2.141189995580248806e-01 2.015530729852359204e-01 1.906474300611571415e-01 1.797133753320549199e-01 1.703281956318994927e-01 1.640474434685914029e-01 1.570834895268355957e-01 1.500552010838633599e-01 1.412762338086078207e-01
9.954765750500799149e-01 9.854030081399125507e-01 9.667063940137078371e-01 9.448648942697913666e-01 9.201880056802513863e-01 8.948666733712108412e-01 8.645383280414024041e-01 8.380554853551506200e-01 8.112985140589867861e-01 7.888568294065860798e-01 7.643210030232905350e-01 7.381381943979855587e-01 7.164943082927455187e-01 6.896623407517905591e-01 6.681890148135398722e-01 6.443957937424291682e-01 6.197596278680996829e-01 5.957519231020239614e-01 5.740544091629135037e-01 5.550834583205029871e-01 5.339968275327634517e-01 5.112873215094962953e-01 4.974712370684073459e-01 4.744618670282830797e-01 4.621731686923162830e-01 4.435956530902247508e-01 4.283126970282766788e-01 4.124628207212207021e-01 3.960912964319422414e-01 3.727907462218759682e-01 3.565063349741104393e-01 3.337844243829659607e-01 3.203631084129122120e-01 2.998245964069428671e-01 2.798264449124240882e-01 2.603937408770678474e-01 2.422542865028703141e-01 2.282073860801763499e-01 2.152529643869897369e-01 1.998087416021083473e-01 1.931521476199285214e-01 1.774607455937894651e-01 1.706543842000799727e-01 1.635556272389764032e-01 1.570317295678266278e-01 1.469352679551007568e-01 1.413083971689010621e-01
9.956599044322927972e-01 9.820745766286625988e-01 9.620002544821374402e-01 9.383516891328032017e-01 9.151973198876590665e-01 8.867760747376322028e-01 8.630100295437868052e-01 8.334302711458850821e-01 8.056890465593014028e-01 7.804194583179446809e-01 7.599099374980721189e-01 7.339394832277126302e-01 7.077910326354267534e-01 6.806285403917409216e-01 6.539387971732750771e-01 6.220091148687461047e-01 6.004019251590080319e-01 5.748172006031118109e-01 5.528402283355586810e-01 5.295865257228544731e-01 5.094933815938489374e-01 4.867837204829978393e-01 4.700482721446206935e-01 4.492711489033653360e-01 4.305961551609696625e-01 4.180488751002685022e-01 4.050696610704900835e-01 3.900159808124701866e-01 3.739830111706656801e-01 3.536705726130630056e-01 3.374820324833811558e-01 3.185956172561852928e-01 3.021578511704067216e-01 2.834899557454981789e-01 2.682886092112041765e-01 2.523671246522600220e-01 2.375460657016933985e-01 2.236198468857797383e-01 2.087704175487228031e-01 1.963154821984544052e-01 1.871548813908611997e-01 1.764397506375058600e-01 1.695456695561177174e-01 1.597212670795523648e-01 1.530412932955932115e-01 1.457310049542464014e-01 1.388347926752004358e-01
9.950319090744708106e-01 9.845926731124802211e-01 9.685479890265114022e-01 9.520952717010457977e-01 9.298658466531701805e-01 9.043509753658924843e-01 8.737352367052588775e-01 8.425191030357964683e-01 8.080821727781657415e-01 7.800170021699661671e-01 7.504084376982155247e-01 7.276426435794370873e-01 7.027567775959696617e-01 6.803869924318580731e-01 6.586203062292735888e-01 6.374158673116444573e-01 6.156322768749442620e-01 5.981685743725210225e-01 5.746377871294725548e-01 5.502362460224600182e-01 5.306258358423227017e-01 5.132752632780391844e-01 4.940731897375583714e-01 4.714385242702514023e-01 4.571691015767501143e-01 4.354355593397118973e-01 4.173906894145995028e-01 3.997014276872729033e-01 3.802385558620975381e-01 3.643905314057686584e-01 3.441891698526600707e-01 3.266109795307522434e-01 3.088503709146300236e-01 2.902318366142179196e-01 2.712603540704295324e-01 2.534021714530878544e-01 2.428197205974691741e-01 2.231661687940609817e-01 2.145218634439102490e-01 2.006809128202930725e-01 1.909533015701951608e-01 1.773591083827974757e-01 1.697545624475348125e-01 1.630952851889437005e-01 1.550308003416074054e-01 1.488999545963539395e-01 1.420641417048429112e-01
9.960190290220306553e-01 9.862509483297753343e-01 9.716367937942695931e-01 9.492288989777719621e-01 9.258478240919598701e-01 8.993156328971151359e-01 8.743966792808071098e-01 8.492991747115421486e-01 8.258538603643535980e-01 7.983974470528950595e-01 7.737568067727466081e-01 7.457223185126160558e-01 7.148864515924304719e-01 6.891118886564867596e-01 6.605171516539918297e-01 6.366191151451724428e-01 6.152794449698636425e-01 5.923267766540123436e-01 5.727945875499353967e-01 5.554439318224837496e-01 5.353948275642179677e-01 5.204371018771876134e-01 5.028533285262656305e-01 4.844297665721972179e-01 4.652393790951736552e-01 4.487333888149879213e-01 4.277658920500516104e-01 4.089309546547801877e-01 3.857753812133832283e-01 3.675248161510814016e-01 3.490030438697993564e-01 3.302646586713751109e-01 3.085970014357986013e-01 2.898761668067372788e-01 2.728535815806373277e-01 2.553357973070643494e-01 2.416321517925117124e-01 2.235510504164829604e-01 2.154861651571583214e-01 2.003974125017859431e-01 1.931260010213444178e-01 1.800051085165438602e-01 1.705114395282145423e-01 1.599311793676354843e-01 1.555203829052163589e-01 1.479430954232258399e-01 1.399860854519696385e-01
9.966827781593845526e-01 9.856138971706047691e-01 9.683374618359590347e-01 9.510220400189250967e-01 9.318895793564520025e-01 9.085286204082220207e-01 8.868122225763865885e-01 8.601785414875336988e-01 8.331669223491978693e-01 8.049065664975989520e-01 7.735772461811561973e-01 7.376258460738500666e-01 7.096378226742435791e-01 6.747641897114972087e-01 6.486546435583974146e-01 6.261026798963572615e-01 5.997714039348261972e-01 5.785352080939196728e-01 5.562830473881825721e-01 5.363034969244486749e-01 5.194060039537722329e-01 4.971439056202650586e-01 4.841488423398659924e-01 4.625881906440250657e-01 4.475370072894271911e-01 4.321056493165271184e-01 4.144856521135754646e-01 3.967060635926076273e-01 3.792080555155624699e-01 3.588425611489127198e-01 3.397929272767121200e-01 3.228179515234586017e-01 3.063525184908962862e-01 2.860660386489914386e-01 2.684701073316778097e-01 2.549944820389437039e-01 2.327571456800509309e-01 2.216656815824298576e-01 2.086242873434610290e-01 1.976269652613032168e-01 1.878782684014213278e-01 1.755449202811588671e-01 1.693340744742112269e-01 1.579536833887897618e-01 1.528346123908278786e-01 1.460241179755912555e-01 1.391436194675099991e-01
9.965900054311945810e-01 9.870093856918474851e-01 9.706675681775105424e-01 9.522847754319103686e-01 9.336887174969050740e-01 9.094350902658274727e-01 8.873369352856547154e-01 8.586350238819727698e-01 8.317195470433068616e-01 8.028013711056770640e-01 7.736998381045399054e-01 7.429382723471288363e-01 7.210132827687870671e-01 6.881945723737277198e-01 6.615734301885671798e-01 6.333016272699637517e-01 6.083528299804094042e-01 5.889089339510096277e-01 5.657988287375843584e-01 5.405589893860586193e-01 5.222819930881462680e-01 4.989070254562585349e-01 4.795867666702346988e-01 4.576634356104231083e-01 4.367323130178521473e-01 4.180539033195661558e-01 4.003714957233479033e-01 3.811892186203459931e-01 3.632949795692570483e-01 3.475803242507726765e-01 3.315470147745480656e-01 3.152755542554236401e-01 2.964904376884664461e-01 2.792831354963853929e-01 2.653928804682091358e-01 2.470409807440643590e-01 2.369119266066833374e-01 2.227997436093843986e-01 2.108125570594029385e-01 1.961037251414443905e-01 1.856983151287180389e-01 1.765133209832925321e-01 1.710200992795239960e-01 1.589425340050354962e-01 1.503184997543721146e-01 1.449841658620641405e-01 1.378204450142924142e-01
9.955233932011757769e-01 9.846819732624798593e-01 9.704228579177789360e-01 9.509783440956245393e-01 9.294447812671273734e-01 9.022600358008873167e-01 8.720050038909381573e-01 8.380386664107315475e-01 8.059021431648635270e-01 7.700478320636127139e-01 7.359409274712404025e-01 7.071056611198082154e-01 6.831869676627991828e-01 6.594834231895417842e-01 6.341680818478063753e-01 6.131147690342374501e-01 5.869733122258600222e-01 5.712046803578679777e-01 5.517648327837283428e-01 5.337507372287504381e-01 5.177945450663565818e-01 4.980008798338464437e-01 4.819198764003668201e-01 4.650186537241796647e-01 4.498057571492502515e-01 4.345221596291753974e-01 4.174100898630891954e-01 3.992826495232780770e-01 3.852243609816085601e-01 3.606756674914333161e-01 3.430999185958475417e-01 3.256592414507255007e-01 3.083198050697285031e-01 2.912351384804139909e-01 2.705899501607668123e-01 2.554549160185419776e-01 2.404509994242435278e-01 2.293048751574579269e-01 2.100379034151815816e-01 2.004433706826591610e-01 1.877273910141539492e-01 1.777714917283251539e-01 1.714526539145808381e-01 1.604476680802379152e-01 1.539907402086297117e-01 1.465699850651873970e-01 1.415329539664595959e-01
9.948622988982347426e-01 9.815154872535784003e-01 9.688202559442410378e-01 9.511956528912005604e-01 9.298546582022156892e-01 9.064771609278905462e-01 8.807116401805079597e-01 8.508718572202571551e-01 8.189577294238220562e-01 7.871027909670335054e-01 7.553746540602537252e-01 7.265502535821066754e-01 6.980822244559407030e-01 6.644255433733682326e-01 6.422312194813275532e-01 6.134827496761474652e-01 5.919032567058759575e-01 5.714005233273101725e-01 5.478614178267695589e-01 5.327644345090762901e-01 5.108995228186131721e-01 4.922519645464331628e-01 4.773517890962459820e-01 4.603170400980839405e-01 4.404827436882292613e-01 4.230568395659053960e-01 4.076910900997156584e-01 3.908120531213090110e-01 3.710809874373711126e-01 3.536984265491806556e-01 3.337756667442239866e-01 3.144591995449986244e-01 3.021995654927541741e-01 2.791416350953652703e-01 2.630941018782868013e-01 2.503220200448172950e-01 2.380131654711112044e-01 2.228321857445723642e-01 2.069297875821484445e-01 1.950504930440922491e-01 1.872912445895229261e-01 1.778655903563216567e-01 1.694662960567455412e-01 1.594710500459826374e-01 1.528014265391276494e-01 1.457667649247410824e-01 1.386547271770194600e-01
9.958042038059230494e-01 9.872874185766886690e-01 9.738281493116658361e-01 9.566430808549120091e-01 9.282217881182671659e-01 8.940059887231356361e-01 8.598743597183854392e-01 8.288535077729123346e-01 8.016470742563363006e-01 7.746215281214097192e-01 7.502988837578777881e-01 7.234240866954066984e-01 7.008722572076305779e-01 6.769767432234964355e-01 6.517555836587786144e-01 6.245092512239115434e-01 5.997464437426940354e-01 5.736648717775827411e-01 5.505214896696490889e-01 5.324160977115660609e-01 5.135905765624572128e-01 4.893895134551493054e-01 4.741839239667393624e-01 4.539738743846072899e-01 4.370635918436909795e-01 4.232078827783682939e-01 4.066051686940436727e-01 3.891035615672999159e-01 3.746033337920398609e-01 3.566289743094522291e-01 3.365109163064092246e-01 3.220136846698624655e-01 3.029782205741512469e-01 2.850703998678467688e-01 2.701095316693353787e-01 2.559155399756752325e-01 2.383532217559165001e-01 2.248235772794268950e-01 2.128385133256910366e-01 2.022998814537179391e-01 1.894847403502167293e-01 1.805753528761730176e-01 1.709251704851993681e-01 1.615411938737811859e-01 1.547560695848769485e-01 1.491525254759361874e-01 1.415928683802401555e-01
9.943675612857474366e-01 9.810998492350698763e-01 9.642154496918922124e-01 9.472117750110476964e-01 9.255081220980554413e-01 9.047936961999335503e-01 8.836704180554350030e-01 8.613704932040170403e-01 8.359813196361953747e-01 8.089642572443173085e-01 7.833711913603731425e-01 7.531070402592690005e-01 7.238725859856458555e-01 6.924007962803820915e-01 6.647122289168144738e-01 6.343902321492830287e-01 6.082551926423196420e-01 5.801864652159590685e-01 5.566464870597898074e-01 5.285806068483082099e-01 5.044260256679286014e-01 4.852413613337411835e-01 4.640323140391630630e-01 4.470862637360963343e-01 4.328814506495692882e-01 4.147303388655680378e-01 3.996915462362323201e-01 3.839132884529983802e-01 3.658374084146530647e-01 3.533438607452979996e-01 3.359295399149116457e-01 3.225185113030751838e-01 3.010513181201318056e-01 2.838021503841379189e-01 2.665300749885522458e-01 2.516954658788418953e-01 2.384565204013205097e-01 2.257475219788213916e-01 2.085160339295480392e-01 1.990852441239626680e-01 1.898732263578847557e-01 1.761404411679093895e-01 1.701276650463507678e-01 1.631803385790410732e-01 1.547333619988663644e-01 1.475091988750551197e-01 1.410069709037609087e-01
9.957108553939992834e-01 9.810561220898607049e-01 9.589574127613931243e-01 9.276690943400944800e-01 8.970668829751970996e-01 8.691198036129650362e-01 8.383906603885458164e-01 8.136039212744196059e-01 7.899910515225352370e-01 7.699938295416064449e-01 7.480208675735403601e-01 7.261119167187387591e-01 7.065715603097786346e-01 6.862656064510854748e-01 6.624978700891129835e-01 6.383289973310870558e-01 6.163573564044908526e-01 5.924095193928359260e-01 5.690518098946963921e-01 5.468032633545399923e-01 5.240509556204573371e-01 5.034696952043107299e-01 4.799615774202402596e-01 4.579149763018112163e-01 4.447263357919817306e-01 4.228501114153476736e-01 4.046837367628042803e-01 3.857769894385787435e-01 3.672770137333964957e-01 3.510538583387156630e-01 3.335617050683928886e-01 3.097442982810089118e-01 2.959129925543267925e-01 2.777109641320842370e-01 2.601903083601356248e-01 2.465767039424936746e-01 2.326459278853362789e-01 2.198010538098724154e-01 2.057304075651093800e-01 1.958676751092955637e-01 1.895435353529882350e-01 1.761194264661331554e-01 1.656046992606858559e-01 1.594198672392115879e-01 1.512346236727027671e-01 1.443330319113276528e-01 1.382906833792730272e-01
9.945548340594896342e-01 9.822317356297075586e-01 9.645904008503749516e-01 9.476833446239757430e-01 9.267591859055183123e-01 9.085282039257894793e-01 8.878046458524595508e-01 8.645309923329664858e-01 8.374222839705733890e-01 8.132896237624932523e-01 7.878640122256075351e-01 7.608658809306467763e-01 7.379456366685968050e-01 7.123099887345631931e-01 6.851603262105276926e-01 6.649692971969891619e-01 6.427210921547593658e-01 6.178839216431154524e-01 5.962903513519055565e-01 5.765788137956988635e-01 5.570140729976368332e-01 5.382725600639748365e-01 5.161315380513221696e-01 4.960420649282598071e-01 4.754152860289017068e-01 4.600005798492276532e-01 4.417709176001891613e-01 4.201212713290177203e-01 4.007207225309167842e-01 3.789313702495678005e-01 3.608762212560068794e-01 3.414270247568328975e-01 3.213433823840218251e-01 2.978396670415047742e-01 2.822428689126505463e-01 2.613657373866296041e-01 2.459963437183358415e-01 2.293938090424558207e-01 2.142678453824258256e-01 2.026105773670169308e-01 1.929369453586227690e-01 1.795148171452285168e-01 1.724557411311656852e-01 1.616342985112226294e-01 1.554720579696205474e-01 1.482846817663883432e-01 1.411984371308798447e-01
9.940313113191246996e-01 9.782128231499485072e-01 9.569832667810967974e-01 9.352634866679014891e-01 9.128937999587340979e-01 8.872705935111729891e-01 8.618825698356513687e-01 8.278662006637940163e-01 7.963648258907347621e-01 7.677097984148673060e-01 7.373822599274290068e-01 7.104694820773359565e-01 6.762664548836285761e-01 6.499585762923428822e-01 6.245495028018741568e-01 5.978825000257941280e-01 5.764322392436903586e-01 5.533195625595843659e-01 5.306782236445428680e-01 5.077825634129665699e-01 4.892949076921708773e-01 4.642680226969114754e-01 4.454794746874752853e-01 4.272782679980882126e-01 4.111633594485321619e-01 3.939588596577932034e-01 3.805164836724352351e-01 3.677801686774965773e-01 3.530985169402514057e-01 3.382718396541923300e-01 3.191990057384347379e-01 3.115053686589708271e-01 2.927497683426308339e-01 2.767765658408125051e-01 2.615557041849435049e-01 2.497977359049314006e-01 2.338917566215323318e-01 2.200835888703865650e-01 2.062386657455176631e-01 1.969103237097972192e-01 1.885648815226179109e-01 1.729455614630570348e-01 1.679525225277632150e-01 1.604081748139225549e-01 1.527751189381826857e-01 1.458473008844441698e-01 1.364966301597879961e-01
9.964909777150787740e-01 9.854273280988485872e-01 9.666877554004630335e-01 9.434779537412333328e-01 9.191276613603440726e-01 8.923192157116384138e-01 8.613770861150631397e-01 8.292645005752927734e-01 7.948272760115958624e-01 7.628416120044517745e-01 7.266076984913519832e-01 7.013990486269127134e-01 6.767128104443503878e-01 6.492147589374184236e-01 6.274467041946009127e-01 6.073282316779865520e-01 5.858400862374684159e-01 5.654694446977802658e-01 5.491115884403857672e-01 5.312127477056272085e-01 5.106672706911070669e-01 4.953360658402204408e-01 4.787735887917771160e-01 4.615533799700436979e-01 4.419911993865069388e-01 4.258030399694322510e-01 4.083090782821799936e-01 3.922266562467927598e-01 3.762398278481199343e-01 3.544718694739413811e-01 3.357477035720763947e-01 3.227686668303298978e-01 3.011990098683045569e-01 2.809299677577267174e-01 2.662151284923557903e-01 2.497711725751243228e-01 2.397855851440396091e-01 2.233272953818488393e-01 2.076339510601181715e-01 1.985355676233458988e-01 1.900188936431017606e-01 1.777597774818644727e-01 1.704980082300162625e-01 1.625102454660787565e-01 1.528653628490548588e-01 1.476323704117148417e-01 1.383922948409522513e-01
9.953598245673166423e-01 9.840734723246172821e-01 9.665739579265016923e-01 9.431065041211926792e-01 9.180717936205122776e-01 8.894275484587388370e-01 8.588989346593691732e-01 8.298225900661581056e-01 8.025096188627135474e-01 7.737206916566984338e-01 7.486762529699585444e-01 7.189488378667187041e-01 6.956678398608893144e-01 6.684980661311685779e-01 6.441932825948829544e-01 6.200915923474450420e-01 5.967336022837805842e-01 5.745700190753038061e-01 5.547990919226782891e-01 5.352439745682282535e-01 5.189265639265412400e-01 4.977523710650595401e-01 4.782782205364835559e-01 4.572881116652263156e-01 4.405659302101061492e-01 4.236348805517416438e-01 4.066317384766098830e-01 3.914856306482752957e-01 3.711929473299612203e-01 3.552079617082731788e-01 3.336011593283092491e-01 3.195234901728306043e-01 3.041677423812633174e-01 2.814030910704059529e-01 2.683695132568944541e-01 2.538017530881105932e-01 2.336467104715206078e-01 2.202352490961758669e-01 2.103723800088493356e-01 1.954644080718785093e-01 1.873697652887662546e-01 1.762851369869258000e-01 1.670828692841359320e-01 1.595171622120118704e-01 1.531751066760764779e-01 1.462194383996869296e-01 1.389675280681852698e-01
9.946445059857617066e-01 9.841901257497016609e-01 9.676685409122279813e-01 9.509105405330220417e-01 9.283046846748054248e-01 9.058842837544225368e-01 8.775282541867823749e-01 8.476576812882119505e-01 8.139573371088808518e-01 7.829570964682878165e-01 7.521229881117373894e-01 7.213857442643414331e-01 6.904966509999740376e-01 6.629584021687016104e-01 6.369736536952921302e-01 6.138891104279007305e-01 5.886739538512384406e-01 5.667764079243697850e-01 5.448362521584744211e-01 5.254443843495003597e-01 5.050549367530118294e-01 4.834779556169273018e-01 4.707893130472499688e-01 4.494116311344300563e-01 4.335873407160865112e-01 4.188410193668046788e-01 4.007962412621032811e-01 3.841083443822133625e-01 3.664010579463931050e-01 3.470382753805781872e-01 3.336107992616028639e-01 3.142826978289708917e-01 2.963432998069019386e-01 2.799884070952637916e-01 2.651880722647428912e-01 2.527092038823797182e-01 2.353123171064273045e-01 2.240612748568138468e-01 2.062814410731216297e-01 1.969878212499102388e-01 1.899315187450896225e-01 1.753952280302520927e-01 1.675296751209632562e-01 1.599794751861368380e-01 1.541929467485044503e-01 1.482880167991666720e-01 1.401036309181000195e-01
9.949341989351492277e-01 9.825647423529421109e-01 9.635579680441050954e-01 9.449485975841386276e-01 9.270870652699884085e-01 9.094886411666854853e-01 8.862457429185269797e-01 8.641824303123638584e-01 8.362926690224915527e-01 8.135652950261498262e-01 7.845674884639306512e-01 7.553679427553582348e-01 7.268861206239721762e-01 7.010915777085463541e-01 6.753232072073629411e-01 6.517048758702427280e-01 6.266513611410832185e-01 6.072952608088409976e-01 5.831937490804102175e-01 5.623663723300976747e-01 5.410532378656590646e-01 5.165687114982464578e-01 4.988442306314442298e-01 4.779029975770298644e-01 4.585469217406876741e-01 4.353497228320999946e-01 4.184356016984052129e-01 4.004810408626519602e-01 3.789213760068940173e-01 3.603209756971664235e-01 3.367179516388201788e-01 3.237971506716972314e-01 3.023186197038676415e-01 2.849366330020434157e-01 2.692734769702024855e-01 2.532734314046860002e-01 2.379283039321045679e-01 2.243242924555673423e-01 2.095763929548483118e-01 1.980568278617458322e-01 1.898184061037639925e-01 1.757756197910433638e-01 1.669664904776419212e-01 1.590978077377680211e-01 1.513148878608897574e-01 1.463506002049964616e-01 1.381759137204139065e-01
9.970853031030132430e-01 9.867624426369039359e-01 9.683881281703249355e-01 9.447961107963690486e-01 9.225766572393635512e-01 8.925679632864454982e-01 8.685289808736523787e-01 8.389191662048551823e-01 8.070347323045848897e-01 7.829936082169446365e-01 7.580963329948269269e-01 7.335751406955319798e-01 7.076264665960543265e-01 6.803675796605037629e-01 6.567448439325027643e-01 6.334140194909624322e-01 6.113443838865814106e-01 5.889719092913592302e-01 5.688209638863546136e-01 5.475158600619155491e-01 5.277960249847074570e-01 5.083399614575049297e-01 4.907951829830248247e-01 4.721640471896357272e-01 4.563592525629148744e-01 4.352822196267888133e-01 4.173774520743886440e-01 3.980774409243008627e-01 3.835801413454048570e-01 3.630259351427325143e-01 3.417278575912915395e-01 3.275625922340794083e-01 3.085985161765043561e-01 2.910449208361514106e-01 2.749392563065840567e-01 2.572227329384363936e-01 2.413801966766225271e-01 2.271935092862914507e-01 2.123999586786029792e-01 2.030028892075280145e-01 1.890817313032278069e-01 1.815788843525415752e-01 1.732754916538770396e-01 1.626310596262006969e-01 1.556916165789764550e-01 1.485839394074006392e-01 1.411929368135849128e-01
9.946359725353162151e-01 9.829028873783622888e-01 9.668287756037017289e-01 9.494367549791129512e-01 9.298641882982313644e-01 9.094192161817322706e-01 8.831599476021331219e-01 8.568900294116519323e-01 8.291327500187488653e-01 8.013971205319574409e-01 7.745041147721527519e-01 7.432874839995470273e-01 7.130341399098484301e-01 6.852377888391926186e-01 6.539044990807704183e-01 6.265958590873926815e-01 6.030902521442359498e-01 5.781650094772307069e-01 5.592942898294221976e-01 5.375732387321668915e-01 5.185680455613639328e-01 5.026862375020584306e-01 4.876757811309622714e-01 4.694462928970762339e-01 4.503727302475496463e-01 4.335306736971636377e-01 4.179497210059500145e-01 4.015998983936449052e-01 3.800362587943876824e-01 3.644456345689371934e-01 3.433084653585249391e-01 3.214756239094828660e-01 3.058032809767421423e-01 2.882271137055374965e-01 2.723255805853887490e-01 2.560365143329668691e-01 2.384111135779060364e-01 2.231069471041535468e-01 2.144964995151439902e-01 2.002664143596227520e-01 1.890678778963718332e-01 1.802395076476329128e-01 1.712617733179724877e-01 1.605513458649167891e-01 1.540867355230268743e-01 1.491618057788778595e-01 1.437803309837959731e-01
9.953814784444012798e-01 9.836855213217697846e-01 9.660986931057292670e-01 9.458951186593493876e-01 9.207922579040679345e-01 8.952319988283212737e-01 8.663574007425692836e-01 8.373974697836098491e-01 8.091168241634104641e-01 7.812594383065979420e-01 7.538828372901649200e-01 7.231981456131941766e-01 6.941330067338791210e-01 6.659826707535484447e-01 6.378864708723643862e-01 6.116973419582645288e-01 5.872421997305097285e-01 5.594428921108133279e-01 5.388377796843248912e-01 5.163488865415015727e-01 4.983633016383416936e-01 4.772058399585276667e-01 4.641668176135535506e-01 4.484643215877522904e-01 4.328427698378792821e-01 4.156665453466134585e-01 4.052553093364273940e-01 3.921851865998334241e-01 3.762602818227247514e-01 3.573810934018987195e-01 3.428771973571325127e-01 3.268436244437608607e-01 3.062033763289117583e-01 2.920206510451899273e-01 2.733108765580699040e-01 2.564586007009509450e-01 2.415248251753427944e-01 2.257379950199803753e-01 2.123884602658824006e-01 2.020114093080571938e-01 1.924897881973101910e-01 1.812857632086647686e-01 1.704692109129651023e-01 1.634425120151430100e-01 1.546703207835930238e-01 1.492039187769047537e-01 1.416006595614557328e-01
9.959651133470039941e-01 9.851741914878341388e-01 9.669015573345369763e-01 9.466184818092086006e-01 9.210318454439798685e-01 8.933235410529564158e-01 8.653246441842735726e-01 8.352289149560917503e-01 8.021379576856219051e-01 7.745594450743243931e-01 7.415934774563375242e-01 7.076531474826049939e-01 6.778939372601352487e-01 6.488575113307315512e-01 6.195810567144622860e-01 5.933512793415122166e-01 5.716143975869331095e-01 5.512779256279000117e-01 5.315571931921272419e-01 5.129588616287350522e-01 4.982863344630811819e-01 4.815688224702108222e-01 4.670051188111598028e-01 4.525861931416316208e-01 4.300519496892010185e-01 4.203502529876081417e-01 4.016739308454160828e-01 3.886858408956639921e-01 3.741758234027762198e-01 3.555272898480072996e-01 3.390328833152063681e-01 3.227596654816799471e-01 3.050297440289670980e-01 2.826497690019904585e-01 2.727732299299812646e-01 2.535964522345472982e-01 2.393478247125672143e-01 2.232037710595731472e-01 2.114408283314970494e-01 1.997220355429493721e-01 1.899171491604051687e-01 1.790363715448569093e-01 1.726791326916771452e-01 1.630166155474420120e-01 1.539158402393057401e-01 1.493641006988834508e-01 1.404404186146243627e-01
9.940698192794408250e-01 9.831676878131501152e-01 9.673774268650924268e-01 9.492304936205832044e-01 9.266286372643300906e-01 9.042721073197695913e-01 8.787710201770781993e-01 8.468444530192786868e-01 8.105299269832600961e-01 7.828862728769441226e-01 7.534884576984003379e-01 7.248466746924074888e-01 6.991858628147291643e-01 6.735239819886839063e-01 6.486090774780552959e-01 6.216276973832235431e-01 5.978369021060465638e-01 5.736845402490081680e-01 5.507979897246426670e-01 5.334160692961592565e-01 5.129621728462374630e-01 4.965557085728586895e-01 4.746093592127373362e-01 4.590270528545285500e-01 4.418513134676279042e-01 4.215118379878508570e-01 4.037048633997452063e-01 3.887509288308626521e-01 3.717834059747535114e-01 3.497792571381230786e-01 3.339495168784041290e-01 3.198385009196218487e-01 2.976932694640049837e-01 2.821083950528643358e-01 2.658334555351655748e-01 2.480353855656050321e-01 2.337892424966530880e-01 2.190593158518864547e-01 2.081204980927705284e-01 1.944115658529011192e-01 1.866898984699039699e-01 1.772350044049409989e-01 1.678570317114382315e-01 1.588429700376133846e-01 1.512083858621908472e-01 1.451165759589831405e-01 1.391825528264268585e-01
9.956024041001085845e-01 9.858277305797220613e-01 9.700159999082199613e-01 9.534980565955247789e-01 9.311351084904188058e-01 9.077241274605978294e-01 8.822302567682711594e-01 8.538793508077132666e-01 8.238297151572518962e-01 7.986822540106809365e-01 7.708728500976509412e-01 7.438218625399497519e-01 7.222190700497541638e-01 6.981754688739340020e-01 6.784874769473497880e-01 6.523633146785280390e-01 6.296122745700005741e-01 6.045408607985781613e-01 5.807986548428839546e-01 5.543277398681060175e-01 5.300194793470096588e-01 5.043678250062519908e-01 4.851625756498214592e-01 4.597662910082926380e-01 4.455489117342725236e-01 4.268902606440720393e-01 4.015011206359736518e-01 3.873042914161218819e-01 3.666109082781416340e-01 3.542599060918533715e-01 3.327260622393010125e-01 3.148937503872084598e-01 3.029696142894359734e-01 2.833052964016327668e-01 2.635327102522037612e-01 2.507769254737886033e-01 2.357006779825067677e-01 2.259332012016677382e-01 2.120052735076367600e-01 1.989856859501181463e-01 1.896185960203594645e-01 1.798794456983831835e-01 1.694706621114528133e-01 1.639511528404881679e-01 1.537612570980059767e-01 1.467466438392703854e-01 1.403788108365150999e-01
9.940803673549578612e-01 9.815304873078936065e-01 9.645552072480922945e-01 9.449299212552205729e-01 9.203686627358017569e-01 8.940534896105478690e-01 8.649600156669629003e-01 8.349794595124991892e-01 8.093971455822664973e-01 7.856280381651341571e-01 7.577354960191973188e-01 7.305268199655897687e-01 7.030090481906073885e-01 6.795697450975966003e-01 6.522232891677888222e-01 6.302863802032921958e-01 6.107963423947067039e-01 5.875760872349238273e-01 5.688719301406421902e-01 5.510168794181101726e-01 5.305070677730734374e-01 5.116794632104910701e-01 4.942175369913267002e-01 4.782708380082564270e-01 4.548278645746032800e-01 4.382959246517997287e-01 4.226095093232027922e-01 4.055791085656883510e-01 3.846164578632196851e-01 3.652367789174950086e-01 3.485812845219921075e-01 3.288454706380637416e-01 3.097395817434330234e-01 2.918329848925818593e-01 2.733818930003271697e-01 2.594152669635957364e-01 2.420152059254029875e-01 2.261712880216204535e-01 2.147713028875355146e-01 1.996928601913330881e-01 1.915033578078067511e-01 1.809317571820090453e-01 1.702377002955870466e-01 1.614470955070493319e-01 1.559555517719559137e-01 1.475127900674162995e-01 1.410187260976193679e-01
9.952868003721065948e-01 9.844464127053390579e-01 9.718686641488010203e-01 9.552609409795108641e-01 9.346736773756864070e-01 9.101189604209710682e-01 8.827654883286628618e-01 8.553205631863509684e-01 8.271924766348249802e-01 8.003981005150431205e-01 7.688248743837319266e-01 7.393990869013272738e-01 7.090614195742569459e-01 6.738633997416071386e-01 6.482846344058761368e-01 6.224338929152384292e-01 5.931644966512956696e-01 5.765981311840746582e-01 5.512562938269580659e-01 5.312917973833918284e-01 5.147632776071227045e-01 4.988289111279862187e-01 4.837531110100434795e-01 4.631415892842607462e-01 4.506272440744970575e-01 4.334814578708635624e-01 4.145504403123118076e-01 4.023820747050793067e-01 3.866051321807142949e-01 3.645571206762749927e-01 3.468581936132330013e-01 3.287595696465718254e-01 3.104544807318688204e-01 2.937169704826097516e-01 2.754372523317993315e-01 2.590898042847107341e-01 2.438700819246719942e-01 2.269923839684864497e-01 2.149694992822157869e-01 1.987033968216130042e-01 1.908063941408929265e-01 1.814406329116178829e-01 1.736238187146356138e-01 1.649869131558450164e-01 1.554771773621004272e-01 1.490704299832190105e-01 1.405535673646313155e-01
9.962543708237315832e-01 9.869296677461252276e-01 9.740934910772239830e-01 9.573020072767260968e-01 9.362456061263847440e-01 9.131924093492521655e-01 8.871311903245219233e-01 8.559358069030259530e-01 8.227891766146402386e-01 7.886787682322626836e-01 7.578531109000291588e-01 7.256312880969225665e-01 6.982576368030827263e-01 6.718260724213228618e-01 6.472602363093179489e-01 6.197351173503987676e-01 5.960661334470045425e-01 5.705507073208011537e-01 5.444630512984903747e-01 5.208577964871656807e-01 5.004078524221021729e-01 4.789280946630738445e-01 4.574313410651045242e-01 4.382833268157866335e-01 4.240778851410060279e-01 4.070821937443223626e-01 3.871613598152659486e-01 3.748825336308558298e-01 3.595320536025294889e-01 3.364358501453189598e-01 3.211103105184067164e-01 3.086386244576848070e-01 2.888067443504954146e-01 2.733121840324008178e-01 2.565394739741411190e-01 2.431794921384247965e-01 2.298841977665190550e-01 2.202162218540419381e-01 2.023141889983281760e-01 1.916960042817240084e-01 1.833302216665060880e-01 1.735021050260439901e-01 1.674325174287921714e-01 1.596056633853829843e-01 1.516441812261440925e-01 1.474194679608269443e-01 1.395392527995760745e-01
9.958442306704786695e-01 9.851761866475382545e-01 9.649637706992680863e-01 9.394033776248685852e-01 9.122070064898715192e-01 8.861358497909862519e-01 8.544181511408557306e-01 8.242085993379663078e-01 7.966203884067077912e-01 7.711933127724939219e-01 7.457399561322379800e-01 7.210783173852907124e-01 6.939291855059255276e-01 6.699592098665119178e-01 6.464139315018826437e-01 6.186331389311633400e-01 5.966654479408545209e-01 5.735691253771357800e-01 5.531093051001888528e-01 5.317548861091850876e-01 5.101205647286932710e-01 4.912243341810501596e-01 4.753635784965402067e-01 4.557730480057587963e-01 4.372288214152542096e-01 4.230999838656687162e-01 4.079262778814898294e-01 3.900246187027869849e-01 3.720732860325470237e-01 3.547728942629677640e-01 3.377045585558290930e-01 3.214015486582471604e-01 3.037116573263008990e-01 2.878677217669890487e-01 2.702062003361470621e-01 2.546334705238572083e-01 2.350303097137758923e-01 2.251076225448971901e-01 2.111376008641575597e-01 2.014613216250865646e-01 1.878172040710912871e-01 1.764994266188879002e-01 1.682338798574576910e-01 1.641718566498189813e-01 1.548109075535251122e-01 1.474255087619962545e-01 1.404772051301832470e-01
9.945157891544248452e-01 9.822602459703956290e-01 9.616558829234287398e-01 9.370847939863071741e-01 9.123178217126753919e-01 8.838938258880865151e-01 8.566596904237228083e-01 8.302260935613530179e-01 8.059636133108452061e-01 7.791216285573335787e-01 7.505463556362591548e-01 7.236938681113207483e-01 6.991298706793823703e-01 6.756066922942342012e-01 6.498967457762518940e-01 6.261039476626293343e-01 6.051579113498368745e-01 5.806041167265632019e-01 5.626728471843052137e-01 5.398758563897271268e-01 5.214063482045675491e-01 5.071722374792650978e-01 4.890836326531815548e-01 4.724921531298962307e-01 4.579621142060263383e-01 4.427472611458723173e-01 4.216007576975376314e-01 4.026802253731057712e-01 3.868594999661332801e-01 3.697141711689887478e-01 3.471110531538809107e-01 3.311745473297258435e-01 3.089345532478122713e-01 2.869140302042955115e-01 2.747314604846879948e-01 2.596949962180480909e-01 2.394916927096955306e-01 2.290428050547451411e-01 2.124899197005002960e-01 1.992958106398318441e-01 1.907103102660652194e-01 1.795771370776687026e-01 1.704566876883764626e-01 1.621085781986903174e-01 1.544343316321463155e-01 1.474477362848001794e-01 1.404874337525958972e-01
9.945427167534598434e-01 9.823581074592278028e-01 9.636882659956116370e-01 9.442130754117953328e-01 9.191931498067109629e-01 8.922344312385630527e-01 8.655226913892125618e-01 8.309519232488713492e-01 7.968118136214910052e-01 7.650444718399915800e-01 7.356850673989330236e-01 7.044226353171757493e-01 6.747127570196564950e-01 6.460217548739938254e-01 6.247676354027131840e-01 6.008462736583353170e-01 5.780409437166537101e-01 5.585010536925030245e-01 5.332528125847479927e-01 5.145028582142153750e-01 4.947686298246650183e-01 4.729103126166830928e-01 4.579681071388594926e-01 4.381379332201265075e-01 4.275275890904924880e-01 4.078172193554756020e-01 3.924728448481001886e-01 3.856017774663730857e-01 3.710602582010301131e-01 3.497929464398847887e-01 3.345208946611260004e-01 3.180088534033422842e-01 3.021514189885485258e-01 2.858099450582671786e-01 2.727174118517336487e-01 2.539085550095944721e-01 2.408678521992208832e-01 2.259880580217149826e-01 2.118556518065818350e-01 1.952023155092588724e-01 1.874776776426952118e-01 1.783772254221306086e-01 1.679183747452187847e-01 1.625189372229420559e-01 1.566893616095384190e-01 1.479997569244583533e-01 1.426200732739851817e-01
9.956098546361401569e-01 9.836312033517522480e-01 9.632419182630942434e-01 9.386171672661512977e-01 9.117244442799250503e-01 8.843286971655767159e-01 8.574675854517078699e-01 8.319967880644076885e-01 8.022736009376179034e-01 7.758173217027632962e-01 7.453074451442903703e-01 7.169114957641923302e-01 6.934258774110513279e-01 6.678739310262969964e-01 6.463002788425902256e-01 6.202645426004522733e-01 6.015540772406107184e-01 5.807806821759671223e-01 5.602857498012613346e-01 5.386621695781579344e-01 5.227950189833797667e-01 5.038838465276687106e-01 4.885410621933580222e-01 4.743403243145839498e-01 4.553770144316381385e-01 4.375490782433830161e-01 4.234385985072895986e-01 4.075409020727317477e-01 3.865425921821941668e-01 3.679076600075367742e-01 3.503828824878041370e-01 3.333664578056843575e-01 3.130637872988919490e-01 2.954035187416977348e-01 2.781381069664839445e-01 2.577021681014421972e-01 2.423632820372549068e-01 2.302170888328008702e-01 2.141956766439810089e-01 2.022264997167853295e-01 1.900503952280239994e-01 1.793766199901662139e-01 1.713093503694686215e-01 1.635481658240157121e-01 1.547586106721495491e-01 1.497741857866473902e-01 1.440837871610639587e-01
9.970654096124725863e-01 9.876307080034184560e-01 9.744548128324895808e-01 9.561683541466658998e-01 9.321898873561126342e-01 9.027959711943136512e-01 8.720021001069508948e-01 8.402138653188068185e-01 8.098973575171044548e-01 7.781057108124128652e-01 7.458384878156080200e-01 7.162069945412758987e-01 6.859340062964912610e-01 6.591175188197394563e-01 6.312414447306698984e-01 6.051823807949435752e-01 5.806910258939900205e-01 5.564306218423471506e-01 5.359828760646623280e-01 5.122667031105442303e-01 4.928532960373561700e-01 4.716517396809996598e-01 4.577732904267182712e-01 4.377529110764356579e-01 4.203486795685112964e-01 4.055613845062295275e-01 3.843348910433802001e-01 3.744913853594343811e-01 3.579894680383199912e-01 3.410461695258533155e-01 3.237571814383758961e-01 3.104282752067912821e-01 2.935678603064161285e-01 2.791209025103486563e-01 2.627507406697884851e-01 2.413378933211771382e-01 2.296552343643091521e-01 2.196889845290761478e-01 2.052415610576472926e-01 1.931735648738181488e-01 1.846161589978951856e-01 1.746795934703872510e-01 1.677158277287583987e-01 1.590417792947547426e-01 1.528551548969858953e-01 1.441738689490049130e-01 1.368092298475790392e-01
9.958784427139797391e-01 9.858504983384925868e-01 9.715857434930157410e-01 9.534733572362867893e-01 9.326988449039927964e-01 9.069107443437610661e-01 8.832899663926883083e-01 8.588362071735983205e-01 8.373680129691182250e-01 8.137538049486858771e-01 7.875186655293798799e-01 7.578568009529859095e-01 7.288977592715013554e-01 7.010200696795517716e-01 6.709092174715370893e-01 6.476763498798643326e-01 6.241187974188048271e-01 5.948196846037737684e-01 5.744369024929623091e-01 5.460063598199680346e-01 5.237223444960379393e-01 5.025967351839047970e-01 4.826613514884071643e-01 4.640464737271685070e-01 4.467996385925706582e-01 4.307533231814344443e-01 4.100899878986973279e-01 3.910471470042855557e-01 3.760124775282450704e-01 3.582832237568784883e-01 3.414273262262470521e-01 3.217647622101619254e-01 3.020595436396185662e-01 2.849998445350733767e-01 2.656565709150902066e-01 2.512310454366836754e-01 2.356209204062049423e-01 2.217931425648503041e-01 2.083748635416000639e-01 1.970862362519094635e-01 1.851686726874681443e-01 1.771035272998438825e-01 1.674406077973343010e-01 1.582730579850087915e-01 1.524934578394088747e-01 1.454700785043603617e-01 1.386498583629269532e-01
9.964163976722715255e-01 9.861530490675658456e-01 9.674412586536402792e-01 9.462541722216867290e-01 9.231453856270492864e-01 8.919386481602656902e-01 8.601922417641360008e-01 8.240380312911025351e-01 7.847872712130310457e-01 7.484924866363316109e-01 7.123015683987876656e-01 6.783873067866001971e-01 6.446943626832538632e-01 6.132303668106500183e-01 5.884331309212424976e-01 5.652585563331918861e-01 5.451105899958033074e-01 5.226693007855183204e-01 5.050451820100013700e-01 4.839350268752438677e-01 4.713168975396365146e-01 4.586340938662155642e-01 4.418561225430443495e-01 4.283215626521909014e-01 4.141628310744230879e-01 4.003327512328067050e-01 3.846229489683168357e-01 3.729009585110337199e-01 3.578607110877370379e-01 3.426159039816951690e-01 3.273702808748905624e-01 3.101068229904137552e-01 2.933978773750965940e-01 2.743114879754414148e-01 2.603197845220435735e-01 2.459207817579776301e-01 2.317169066115005172e-01 2.161203144226499506e-01 2.040249222334679646e-01 1.918763781445554650e-01 1.821497197343223962e-01 1.729057703390431133e-01 1.637769418145198774e-01 1.585593279545524370e-01 1.499949109011800563e-01 1.442215662232569084e-01 1.391556742248640510e-01
9.963300147681256602e-01 9.874412662838831789e-01 9.726979822523571517e-01 9.531500935795957918e-01 9.310331096653576832e-01 9.099393697978834794e-01 8.832686495216238720e-01 8.562169362092105773e-01 8.306946759867201990e-01 8.059359647383999015e-01 7.795645235845537480e-01 7.458271775622713484e-01 7.207115475202277022e-01 6.909720766834613892e-01 6.662495357693084541e-01 6.392718723186564533e-01 6.166315745130627191e-01 5.949789931618097993e-01 5.750621595783986795e-01 5.503058478604778703e-01 5.302344529394708017e-01 5.084686149600786687e-01 4.883088211981629345e-01 4.682857729605637842e-01 4.480531897242298611e-01 4.299047166735343595e-01 4.104704994756028791e-01 3.972420329002593342e-01 3.729786126033754479e-01 3.576675766462374950e-01 3.392102319225690499e-01 3.248715008705990170e-01 3.053098283554631087e-01 2.855641868527583616e-01 2.700810708734314725e-01 2.518479923324296599e-01 2.397794106490919730e-01 2.262881167527988069e-01 2.122722522491365393e-01 1.993516274389361964e-01 1.902515858990860009e-01 1.805756250661526841e-01 1.698398125176330820e-01 1.617425384514571685e-01 1.541185468547997817e-01 1.470462117938649838e-01 1.405144280306987736e-01
9.945757938905618323e-01 9.781267867193752519e-01 9.589757195645218779e-01 9.377429539223587351e-01 9.141240443340667987e-01 8.861343502415901519e-01 8.554781654939408453e-01 8.258728120500303804e-01 7.964232591938080752e-01 7.649278848223908245e-01 7.391664556126446017e-01 7.107230371257621249e-01 6.866600273570291346e-01 6.639015762298980938e-01 6.408302268299664872e-01 6.128817696957928884e-01 5.959403446674484961e-01 5.693836036571865433e-01 5.487144087807421799e-01 5.274197388091648175e-01 5.091187675055073303e-01 4.874054111052110172e-01 4.690360966338124049e-01 4.514396432355223254e-01 4.344680222902329025e-01 4.194623557733276886e-01 4.021759503550087489e-01 3.860867421012040834e-01 3.669957980858706836e-01 3.502852023191412312e-01 3.344195309835247265e-01 3.173602757464576984e-01 3.022522536284574790e-01 2.847055190273257708e-01 2.674791482110293606e-01 2.510825596101557422e-01 2.402314921196429531e-01 2.220636722407978436e-01 2.108228597502868618e-01 2.009032801564329396e-01 1.872552902432365329e-01 1.759066215031261926e-01 1.681393138483535110e-01 1.602923910217189385e-01 1.543868648826938750e-01 1.463971650244662859e-01 1.397633139437284011e-01
9.955687599701420476e-01 9.856918035373735121e-01 9.728551828628015929e-01 9.576346044972060545e-01 9.428819201964847574e-01 9.228014972045835984e-01 9.030748850594271238e-01 8.768177708968570849e-01 8.482123818831514006e-01 8.161557420907374905e-01 7.847583978180314723e-01 7.495326017823177311e-01 7.170411773211409212e-01 6.884315813171133502e-01 6.611809834456315871e-01 6.357308564146647578e-01 6.138337296238121077e-01 5.893968146089084703e-01 5.695336365072469764e-01 5.454014141422942608e-01 5.257641319956817272e-01 5.054218441413512730e-01 4.892384621598175332e-01 4.728287620201611641e-01 4.563687753139039627e-01 4.347233204724427758e-01 4.152851281462501265e-01 3.997914557176573402e-01 3.769675416836062443e-01 3.585843155272499527e-01 3.420264190234273971e-01 3.246175696478688644e-01 3.030982909881456688e-01 2.862593800537101552e-01 2.679272891946464785e-01 2.483797292985508720e-01 2.353020998565055200e-01 2.225205276518043562e-01 2.120737743452919544e-01 1.971120973142436450e-01 1.863974972889603787e-01 1.743746785895060325e-01 1.685307849790502743e-01 1.596113154637516240e-01 1.545463119540060049e-01 1.450981958008492889e-01 1.384926782730421524e-01
9.954632943465433481e-01 9.833186963824744886e-01 9.668197753863480015e-01 9.468699949673743399e-01 9.234638612096524035e-01 8.988282704999117634e-01 8.739230231235957103e-01 8.419739912171242402e-01 8.171325152982784612e-01 7.867369667131598465e-01 7.609315216244246782e-01 7.338133580205895568e-01 7.070286785987908162e-01 6.843198461523872789e-01 6.611647308394228428e-01 6.382827408642770539e-01 6.152592722781543566e-01 5.966107691334280316e-01 5.787288758422762802e-01 5.600700678639944918e-01 5.416450864620850902e-01 5.216798306190375545e-01 5.036695807699920202e-01 4.901043958742591911e-01 4.650446331030853031e-01 4.483482449031373496e-01 4.323680517264453793e-01 4.135288404714520527e-01 3.923797082400503067e-01 3.740164344392015727e-01 3.568395792916828624e-01 3.340412352354084069e-01 3.156573703273223286e-01 2.936539179102611308e-01 2.764381341830435823e-01 2.589961527143513909e-01 2.448912211528677108e-01 2.286621793418429638e-01 2.140220907955593388e-01 2.011938022629944089e-01 1.931092662544164618e-01 1.809728634321592367e-01 1.713935796040705339e-01 1.617241109445008151e-01 1.530637630740999955e-01 1.476176110947817754e-01 1.392500220312302139e-01
9.962937938920199965e-01 9.861512097737785698e-01 9.689278877760237885e-01 9.516977876635880351e-01 9.268928494079161640e-01 8.999528000079267676e-01 8.675544877844947322e-01 8.369736394026365822e-01 8.035334413656850527e-01 7.749447673470206688e-01 7.460583936406216532e-01 7.195413898893007199e-01 6.914621342741101850e-01 6.632766979432879184e-01 6.362426325978592923e-01 6.122860187097874940e-01 5.853226252115443229e-01 5.588768032628841365e-01 5.354785772098107355e-01 5.146898037984359853e-01 4.976144649517902918e-01 4.800892268116748740e-01 4.599035694305882993e-01 4.415928604227009058e-01 4.215464552817427268e-01 4.090146062399174776e-01 3.918607052311899319e-01 3.752025737077372414e-01 3.558358846123232389e-01 3.387810923787263340e-01 3.244604446974900802e-01 3.082862600318229118e-01 2.880410719597923941e-01 2.735686230793897833e-01 2.570755328229394343e-01 2.457943474291031383e-01 2.303381157125994338e-01 2.180153132160615459e-01 2.050913551867013518e-01 1.946165754523263014e-01 1.847200025580289506e-01 1.730818475047461169e-01 1.669324391354586878e-01 1.606386421421576172e-01 1.538466967024877396e-01 1.454040640961844766e-01 1.379146293280157920e-01
9.965417724659957344e-01 9.879029984981062551e-01 9.729994329338126358e-01 9.545760846246934550e-01 9.302082928140429363e-01 9.052878969349358318e-01 8.794636432265438009e-01 8.522352634259002802e-01 8.246617801358891997e-01 7.986928990996604583e-01 7.729621596712688003e-01 7.460794458165285192e-01 7.196760712654080017e-01 6.895378487334421491e-01 6.613911715397524649e-01 6.363065030751199336e-01 6.089072709260467953e-01 5.879899809202127070e-01 5.626080616943722745e-01 5.393389858168720075e-01 5.230264783020356356e-01 5.056694722618223503e-01 4.862790599653796231e-01 4.652760717633369070e-01 4.484169617302219968e-01 4.333867219188058395e-01 4.164039195187806408e-01 4.039870705193334688e-01 3.838550222757201036e-01 3.624755732656944618e-01 3.441657309219153804e-01 3.212556514565719223e-01 3.055854386438721093e-01 2.844505720752483757e-01 2.674865715965960566e-01 2.545139688347444196e-01 2.362774103510431323e-01 2.248488328814575721e-01 2.094354475281411665e-01 1.961725207496840817e-01 1.858046118875208430e-01 1.794871104546897078e-01 1.659344823833263649e-01 1.603260926743997894e-01 1.538892913567390108e-01 1.473189239025544106e-01 1.396610529148692992e-01
9.959921338347903497e-01 9.853427685842227612e-01 9.674468624037383391e-01 9.497614372849975117e-01 9.260161081388039728e-01 9.020697569457581944e-01 8.779998324005903187e-01 8.475411814155444645e-01 8.167217512101161425e-01 7.875284018041114331e-01 7.568028096258621051e-01 7.257982867736704202e-01 6.990128971655258372e-01 6.687431009836480866e-01 6.387703997100345754e-01 6.174972573107454510e-01 5.927138096993231908e-01 5.727074905200857380e-01 5.541418649172727973e-01 5.345097085855005092e-01 5.147334565629573255e-01 4.985003053567397813e-01 4.801433264641200016e-01 4.591274683922620947e-01 4.424540366509130407e-01 4.306571419889940189e-01 4.097186756305489785e-01 3.971102322857293365e-01 3.806213353218571571e-01 3.597237674033771371e-01 3.412739986425757932e-01 3.233629386173319520e-01 3.044681717331791382e-01 2.868727752828831301e-01 2.670935355469424843e-01 2.501529439660551413e-01 2.333763884258203969e-01 2.262140573192407134e-01 2.117001024016373634e-01 1.970200002116693494e-01 1.854673233639883567e-01 1.776587498621134964e-01 1.659096329034662476e-01 1.612722971459053245e-01 1.521169539488162470e-01 1.465622380726509244e-01 1.399166326919884518e-01
9.971355663726179097e-01 9.896245113132863258e-01 9.740729031569979046e-01 9.531630462335214382e-01 9.293110845353312888e-01 8.994108213716380806e-01 8.693875012322853646e-01 8.328525165087263815e-01 7.972695568769453400e-01 7.618293987472500861e-01 7.245804965920891183e-01 6.947733185906745934e-01 6.669372711748376981e-01 6.365761226086817937e-01 6.148373843681035344e-01 5.894038992076608974e-01 5.657765052063633560e-01 5.433488745579024837e-01 5.227816178329895980e-01 4.994832605062807240e-01 4.791918208310316230e-01 4.603221925270344905e-01 4.445225618742844609e-01 4.244928621368250776e-01 4.123201009153232288e-01 3.954848692109760866e-01 3.831357275333678869e-01 3.706689249349179871e-01 3.561166447425639925e-01 3.360905021599939757e-01 3.195678776129086684e-01 3.097349835613260605e-01 2.917659825674046581e-01 2.775883167037997423e-01 2.636813248630989204e-01 2.489819517643683255e-01 2.327480608668595630e-01 2.206418270141799198e-01 2.060696102565443555e-01 1.957595986282691380e-01 1.861608004274689643e-01 1.769686649318911453e-01 1.684397356199895945e-01 1.589544541273098521e-01 1.536801770055673533e-01 1.445464414107418827e-01 1.392036910285740225e-01
9.965007777975724013e-01 9.854513075184063720e-01 9.640956154878320694e-01 9.412039488444087221e-01 9.185161742071762392e-01 8.906894511488800958e-01 8.599919790146718368e-01 8.288418562657652311e-01 7.979480652420066766e-01 7.658365577670004365e-01 7.340178538282516874e-01 7.038232795122960628e-01 6.712726900908873029e-01 6.396416026819027323e-01 6.112034837316882019e-01 5.780434850209466013e-01 5.476069887087657850e-01 5.222166096080833597e-01 5.010059706310764360e-01 4.773329123085651160e-01 4.580598819686086398e-01 4.379909024256637418e-01 4.209599893826770911e-01 4.021051108959734499e-01 3.858842846454670905e-01 3.723480103757350057e-01 3.585538334557577533e-01 3.465672852264635173e-01 3.369366406625506905e-01 3.156987650033400983e-01 3.106281412446258439e-01 2.880494056900831379e-01 2.751931270669347174e-01 2.627477954399511928e-01 2.481558237817045043e-01 2.345804945519887608e-01 2.245937032442177628e-01 2.133883407655881026e-01 2.004753345151558952e-01 1.902216298201237776e-01 1.812725909666179080e-01 1.695875031786316656e-01 1.626110750551113260e-01 1.563408751936545271e-01 1.507169859684709401e-01 1.450694377987153949e-01 1.382522194753020850e-01
9.946357932635643273e-01 9.832389553051923414e-01 9.637518870989014719e-01 9.453641010906316255e-01 9.234636010794926575e-01 8.987860723502275606e-01 8.753246671963114123e-01 8.475596115261538888e-01 8.186734583387977882e-01 7.930416408980967002e-01 7.693404336581985969e-01 7.464212941196147755e-01 7.209251929851768770e-01 7.013721106151683538e-01 6.827408267114157825e-01 6.567905544794575556e-01 6.375295461006895703e-01 6.118567044343212746e-01 5.897174214374524270e-01 5.632664622971715884e-01 5.422607760331471516e-01 5.195264248468908219e-01 5.011928804326765130e-01 4.804078963743981245e-01 4.560265779862560653e-01 4.385654607630117829e-01 4.240704195908544527e-01 4.062268838571799212e-01 3.838377330673373167e-01 3.668650688156566697e-01 3.511159188594917824e-01 3.271980931013424576e-01 3.099121179691782801e-01 2.914449704889739423e-01 2.759403426172137297e-01 2.615283872355628203e-01 2.441003100535711345e-01 2.278902621900521508e-01 2.141089031201093840e-01 2.032470198057874378e-01 1.929440742205633941e-01 1.833679622327105685e-01 1.738892427661317130e-01 1.639706177885213167e-01 1.594090769862371026e-01 1.500914917158926720e-01 1.421132159745412404e-01
9.958527011554796360e-01 9.841808419890846205e-01 9.679864437819738487e-01 9.491869008213579262e-01 9.240729997505312543e-01 8.967989050439438836e-01 8.627172138289744829e-01 8.319057465560808495e-01 8.023980172460374316e-01 7.738248277857258106e-01 7.467074015139366638e-01 7.207937019469146112e-01 6.905665167083147038e-01 6.653492121588683306e-01 6.391022352731877687e-01 6.185193155845775115e-01 5.923071259999208582e-01 5.709451713048359078e-01 5.514426028519788803e-01 5.317860382449317580e-01 5.135039019871899812e-01 4.958535724553151947e-01 4.759282321249416747e-01 4.625945738410290886e-01 4.466737787825941219e-01 4.291610009315569019e-01 4.100118921085305623e-01 3.946698704527228374e-01 3.765948082490321869e-01 3.596591642268379130e-01 3.456512843536128643e-01 3.243882956173114729e-01 3.048324726683451780e-01 2.855223906680179335e-01 2.720119368261845749e-01 2.559643952404956346e-01 2.408709880530522651e-01 2.244735130294092940e-01 2.122859084356359949e-01 2.001696410406305915e-01 1.910116687639258348e-01 1.796808317992653892e-01 1.704344103329316074e-01 1.640514234212313016e-01 1.555472945295753029e-01 1.482276752487562410e-01 1.419695579847330691e-01
9.937608412999391350e-01 9.793939855903174285e-01 9.605840082177781181e-01 9.421834861641639192e-01 9.194115722009016389e-01 8.934871313889080069e-01 8.706393975123339901e-01 8.438261817700992706e-01 8.187057965157610306e-01 7.902987278673275773e-01 7.606258380793603502e-01 7.320534301254167930e-01 7.020927311828702999e-01 6.719048605462388801e-01 6.401736819320190675e-01 6.140822233004650244e-01 5.909400084939210318e-01 5.663950493890791416e-01 5.477461279634567859e-01 5.235064607184766183e-01 5.054635324449372469e-01 4.826265534611319796e-01 4.635830362284764639e-01 4.475397224179678557e-01 4.276453221693480855e-01 4.119139638895893962e-01 3.963081392483845944e-01 3.824262086909894776e-01 3.637777733356319931e-01 3.454892509020686120e-01 3.318374621317514706e-01 3.127464162485672494e-01 2.954801171662747583e-01 2.798803470237817836e-01 2.655613863980949563e-01 2.458907190463199832e-01 2.376086808735926592e-01 2.192703536402529907e-01 2.095552681553684571e-01 1.974393323529023692e-01 1.861075757267698361e-01 1.783424391570591627e-01 1.678001703122186938e-01 1.618754887883462612e-01 1.528364389268022927e-01 1.481820601884286104e-01 1.395406980843655886e-01
9.943375636779548943e-01 9.802729369947973392e-01 9.607192397929208427e-01 9.420958321110868283e-01 9.185454417105204383e-01 8.912230368369196132e-01 8.682982027153766103e-01 8.397038166326930009e-01 8.126276297350842892e-01 7.857946927652798008e-01 7.578895979228355007e-01 7.350247797692169849e-01 7.102217714060192755e-01 6.872218767793312200e-01 6.558810500724004955e-01 6.330043465774654043e-01 6.041210494731862335e-01 5.799824191061251355e-01 5.608882058999375975e-01 5.382690477813963925e-01 5.183131545603130164e-01 4.975205205960820387e-01 4.805564333766375595e-01 4.650390831308091055e-01 4.500609060011901974e-01 4.314023816724131266e-01 4.117624249677419579e-01 3.973683561274981568e-01 3.789630969883129308e-01 3.605023167664060946e-01 3.446907342516113970e-01 3.256248607417317475e-01 3.081598613565119660e-01 2.885858773603213190e-01 2.722892489934115035e-01 2.570669925016382251e-01 2.414610960297904341e-01 2.261631442708618434e-01 2.120907859829573583e-01 1.989059084399915911e-01 1.912912796882385580e-01 1.779014968348731629e-01 1.722304353380198771e-01 1.621663890762455873e-01 1.552751612547495497e-01 1.489515988823529591e-01 1.408727132876142762e-01
9.967299549556353222e-01 9.886886906210641257e-01 9.768683471561189213e-01 9.624318235555561207e-01 9.460363164629597144e-01 9.256482423116061398e-01 9.046067579090761868e-01 8.772456717824874683e-01 8.487044216201067304e-01 8.160694740973253314e-01 7.883873251445192576e-01 7.593932137908240287e-01 7.334702576802480944e-01 7.107847241610409927e-01 6.887682944966578846e-01 6.696577166947320636e-01 6.471417470435180119e-01 6.235483888334473201e-01 6.036531383967501663e-01 5.869262673738522285e-01 5.660098023690556257e-01 5.437650910880124089e-01 5.277441813077408117e-01 5.035092596401040677e-01 4.850107590099974053e-01 4.649716075144417760e-01 4.463320460238395238e-01 4.262029402275733792e-01 4.022352976349617970e-01 3.805199939055808334e-01 3.601708567864342347e-01 3.422954103829947137e-01 3.212706648521193586e-01 2.950127905788264560e-01 2.791718629504831850e-01 2.627896174511956673e-01 2.454151851579454424e-01 2.277217819627865014e-01 2.117026613946881020e-01 2.039718425551335368e-01 1.899923411584828747e-01 1.794091089535181927e-01 1.730318517933224221e-01 1.643963125004799797e-01 1.553508987490282434e-01 1.471708963972856443e-01 1.400076541136336672e-01
9.944451856046349070e-01 9.843684642789765071e-01 9.697087701591144970e-01 9.531657337316533640e-01 9.334809167163703458e-01 9.139836038465133372e-01 8.930570737000583792e-01 8.719366586201769964e-01 8.504421754287130319e-01 8.231831152712567601e-01 7.935247563433848184e-01 7.615653587009979519e-01 7.342547706311727262e-01 7.057064274355415723e-01 6.743075198154185879e-01 6.482953651965702724e-01 6.270482849577163620e-01 5.987621200361965546e-01 5.734773955799719047e-01 5.518738790544748252e-01 5.259981888269904537e-01 5.026937978581115241e-01 4.841397064595366895e-01 4.591911009161260826e-01 4.398834706975849329e-01 4.235654876864341500e-01 4.046579319041264666e-01 3.860567243511275337e-01 3.652126416469814729e-01 3.431611570400784350e-01 3.328017866913537404e-01 3.120538918456354782e-01 2.975331542828211218e-01 2.812150951442854985e-01 2.624659694356545336e-01 2.494406953288401396e-01 2.322771098712048399e-01 2.220057537165266437e-01 2.079797340325449106e-01 1.975413995474004092e-01 1.865964801406768403e-01 1.766945797369962323e-01 1.692544324951609225e-01 1.626883747614668030e-01 1.533696751150411541e-01 1.483030362144536207e-01 1.400971040535564094e-01
9.964079166982955371e-01 9.821199207389704755e-01 9.634406859704457426e-01 9.405742938153250909e-01 9.163896976917754733e-01 8.866595283042343345e-01 8.606216438810483371e-01 8.380676123195831551e-01 8.070200609658276791e-01 7.792592433991378797e-01 7.523068551716536323e-01 7.218264779056261515e-01 6.909537814082221674e-01 6.630232341670082574e-01 6.347685807388093737e-01 6.106889329833614655e-01 5.879879562379594082e-01 5.685964508265692885e-01 5.479909163647121995e-01 5.309845774829312637e-01 5.098130856327369731e-01 4.955542728987790135e-01 4.775083524793738987e-01 4.633559578052741657e-01 4.433758054498409540e-01 4.301003000118524544e-01 4.124632413587779878e-01 3.915516876426950454e-01 3.732391345998915533e-01 3.570106235840290743e-01 3.402830280457944112e-01 3.202705503258359565e-01 2.998004358513116641e-01 2.826980632304856855e-01 2.674471601647090413e-01 2.521772139327557172e-01 2.364596822919934338e-01 2.220691777927653321e-01 2.104340339819155692e-01 1.977987826338876154e-01 1.867347078932790616e-01 1.770151552872887279e-01 1.679739215284828391e-01 1.598490314354860109e-01 1.509268784869250146e-01 1.465923901874583990e-01 1.388728725718382795e-01
