2.000000000000000111e-01
2.382978723404255428e-01
2.765957446808510745e-01
3.148936170212766061e-01
3.531914893617021378e-01
3.914893617021276695e-01
4.297872340425532012e-01
4.680851063829787329e-01
5.063829787234042090e-01
5.446808510638297962e-01
5.829787234042553834e-01
6.212765957446808596e-01
6.595744680851063357e-01
6.978723404255319229e-01
7.361702127659575101e-01
7.744680851063829863e-01
8.127659574468084624e-01
8.510638297872339386e-01
8.893617021276596368e-01
9.276595744680851130e-01
9.659574468085105892e-01
1.004255319148936065e+00
1.042553191489361764e+00
1.080851063829787240e+00
1.119148936170212716e+00
1.157446808510638192e+00
1.195744680851063890e+00
1.234042553191489366e+00
1.272340425531914843e+00
1.310638297872340319e+00
1.348936170212766017e+00
1.387234042553191493e+00
1.425531914893616969e+00
1.463829787234042445e+00
1.502127659574467922e+00
1.540425531914893620e+00
1.578723404255319096e+00
1.617021276595744572e+00
1.655319148936170270e+00
1.693617021276595747e+00
1.731914893617021223e+00
1.770212765957446699e+00
1.808510638297872175e+00
1.846808510638297873e+00
1.885106382978723349e+00
1.923404255319148826e+00
1.961702127659574524e+00
2.000000000000000000e+00
