2.000000000000000111e-01 1.610671208198985460e-02 5.799550519461523813e-03
2.253521126760563431e-01 1.108275644951019732e-02 4.949462281981670611e-03
2.507042253521126751e-01 8.039992036163741418e-03 4.410252097128244606e-03
2.760563380281690349e-01 5.717177429447057278e-03 3.990024095127313146e-03
3.014084507042253946e-01 2.825601401126964177e-03 3.565570344138332959e-03
3.267605633802816989e-01 6.250743334883586584e-04 3.200130512489371502e-03
3.521126760563380587e-01 -5.677913621560285807e-04 2.923093948205393415e-03
3.774647887323944184e-01 -1.131935493332208347e-03 2.682371321120147201e-03
4.028169014084507227e-01 -1.296243657307919774e-03 2.464963640285762914e-03
4.281690140845070269e-01 -8.660642377944653735e-04 2.269039157253010565e-03
4.535211267605633867e-01 -4.359309974363345989e-04 2.105236087170097008e-03
4.788732394366197465e-01 -4.367891529204400184e-04 1.952316474934130599e-03
5.042253521126760507e-01 -7.562385271109101558e-04 1.811174674652278518e-03
5.295774647887323550e-01 -1.347058898285897642e-03 1.674021880384922011e-03
5.549295774647887702e-01 -2.079943194993307421e-03 1.540193348129564703e-03
5.802816901408450745e-01 -2.649467871861712134e-03 1.414212554834266182e-03
6.056338028169014898e-01 -2.930738488612109113e-03 1.299709460728302101e-03
6.309859154929577940e-01 -2.946938790643944487e-03 1.195805582850862931e-03
6.563380281690140983e-01 -2.828814858461142692e-03 1.104337894227015726e-03
6.816901408450704025e-01 -2.694856905851132200e-03 1.019948702337265508e-03
7.070422535211267068e-01 -2.554370988142574093e-03 9.417125359609734500e-04
7.323943661971832331e-01 -2.458324032009915130e-03 8.697555132225388451e-04
7.577464788732395373e-01 -2.242166308440188185e-03 8.024203533337857103e-04
7.830985915492958416e-01 -2.043037158272314677e-03 7.400927883087236652e-04
8.084507042253521458e-01 -1.784271586515946738e-03 6.834033855113326710e-04
8.338028169014084501e-01 -1.534421001868171422e-03 6.315185574353172730e-04
8.591549295774647543e-01 -1.288726513607107603e-03 5.847671397987368571e-04
8.845070422535210586e-01 -1.093210478221319374e-03 5.407042161118991337e-04
9.098591549295775849e-01 -9.246659253857734051e-04 5.007471912442534607e-04
9.352112676056338891e-01 -7.833311072492178196e-04 4.629667751920309941e-04
9.605633802816901934e-01 -6.639804587383325808e-04 4.285988791630738625e-04
9.859154929577464976e-01 -5.857921457587618496e-04 3.969905970778365057e-04
1.011267605633802802e+00 -4.972188722277621391e-04 3.681790695527739675e-04
1.036619718309859106e+00 -4.472343459160939673e-04 3.422156703198894821e-04
1.061971830985915632e+00 -4.034042604042947008e-04 3.187016513708668683e-04
1.087323943661971937e+00 -3.748675103098225302e-04 2.978929121115969311e-04
1.112676056338028241e+00 -3.499215538253806291e-04 2.789862130293859627e-04
1.138028169014084545e+00 -3.276071953574421331e-04 2.622009874549393531e-04
1.163380281690140849e+00 -3.153347092678256917e-04 2.472966437126088092e-04
1.188732394366197154e+00 -3.033202455104114150e-04 2.339812544302145489e-04
1.214084507042253458e+00 -2.892436311167403658e-04 2.223662969874834797e-04
1.239436619718309762e+00 -2.826602512268408247e-04 2.121923886322987232e-04
1.264788732394366289e+00 -2.709856196581540613e-04 2.030225304791034835e-04
1.290140845070422593e+00 -2.643013641190754834e-04 1.951457125639672252e-04
1.315492957746478897e+00 -2.518377908100758247e-04 1.881760171378773485e-04
1.340845070422535201e+00 -2.461438082542919369e-04 1.819348823412725519e-04
1.366197183098591506e+00 -2.427101580396698777e-04 1.762660590062360504e-04
1.391549295774647810e+00 -2.357575579956429498e-04 1.713728530863182597e-04
1.416901408450704336e+00 -2.336120570468209199e-04 1.669062004023450592e-04
1.442253521126760640e+00 -2.273386750850541534e-04 1.626935638484299103e-04
1.467605633802816945e+00 -2.287237679174185224e-04 1.589882539178835079e-04
1.492957746478873249e+00 -2.246213289846232515e-04 1.553379556150337394e-04
1.518309859154929553e+00 -2.217114649375309177e-04 1.521011094003610570e-04
1.543661971830985857e+00 -2.229168103378263591e-04 1.490562742186733259e-04
1.569014084507042162e+00 -2.203542593103355719e-04 1.460566361516862455e-04
1.594366197183098688e+00 -2.171033228175527302e-04 1.432081150269460591e-04
1.619718309859154992e+00 -2.172332447324981273e-04 1.406311082161357078e-04
1.645070422535211296e+00 -2.114690260047289328e-04 1.381264859324058845e-04
1.670422535211267601e+00 -2.152607093484031455e-04 1.356945428428603764e-04
1.695774647887323905e+00 -2.083134066836298426e-04 1.334758756882835828e-04
1.721126760563380209e+00 -2.060986819164307299e-04 1.312618123350237402e-04
1.746478873239436735e+00 -2.058119775731993362e-04 1.291443123560986233e-04
1.771830985915493040e+00 -2.020401333611868773e-04 1.271496166140129809e-04
1.797183098591549344e+00 -2.001474857074728782e-04 1.252200299894451149e-04
1.822535211267605648e+00 -1.987554748649519431e-04 1.233371735909230505e-04
1.847887323943661952e+00 -1.918382504536916421e-04 1.215730110296989061e-04
1.873239436619718257e+00 -1.884443462989195670e-04 1.198400746912318417e-04
1.898591549295774561e+00 -1.872422628519999389e-04 1.181691282276975435e-04
1.923943661971831087e+00 -1.843032806969134400e-04 1.165069364776491560e-04
1.949295774647887391e+00 -1.828120115789395731e-04 1.149135352198515681e-04
1.974647887323943696e+00 -1.794291540660208656e-04 1.134707965981357990e-04
2.000000000000000000e+00 -1.762450269296994413e-04 1.119859894749767319e-04
