2.000000000000000111e-01 3.310348116250929739e-03 5.312682276336753821e-03
2.305084745762711884e-01 2.910255276606758812e-03 4.642237713905836803e-03
2.610169491525423657e-01 6.960043827089824105e-04 4.102054383757272431e-03
2.915254237288135708e-01 -8.583524389067007489e-04 3.694694734852607687e-03
3.220338983050847759e-01 -1.625847213778154393e-03 3.306361755741227260e-03
3.525423728813559254e-01 -1.746838311084932894e-03 2.969264408979383884e-03
3.830508474576271305e-01 -1.128601769411232770e-03 2.695830088406014902e-03
4.135593220338983356e-01 -4.873599918464278317e-04 2.461341157616294285e-03
4.440677966101694851e-01 -4.895598074068833560e-05 2.238675452742042941e-03
4.745762711864406902e-01 5.959783744316321486e-05 2.023396523497099191e-03
5.050847457627118953e-01 -4.184593460528459241e-05 1.833893529161488567e-03
5.355932203389830448e-01 -1.977863519179777572e-04 1.667858311656825491e-03
5.661016949152541944e-01 -2.612537656083417799e-04 1.517483774968555283e-03
5.966101694915254550e-01 -2.567563267244469963e-04 1.382482108524565835e-03
6.271186440677967155e-01 -1.995643316927996395e-04 1.261205031235402337e-03
6.576271186440678651e-01 -2.019429835327705655e-04 1.151180598896517577e-03
6.881355932203390147e-01 -3.218642169233473880e-04 1.048176367547979737e-03
7.186440677966101642e-01 -4.310692405837638101e-04 9.536579057886354020e-04
7.491525423728813138e-01 -5.087587428876887531e-04 8.684243494145066789e-04
7.796610169491526854e-01 -5.394778795916576599e-04 7.924757108483000950e-04
8.101694915254238349e-01 -6.049082969767731726e-04 7.244491384935352728e-04
8.406779661016949845e-01 -6.482894681955956011e-04 6.612463082549462990e-04
8.711864406779661341e-01 -6.913194018041359966e-04 6.027345384412047691e-04
9.016949152542372836e-01 -6.963795495769898279e-04 5.491524735028510944e-04
9.322033898305084332e-01 -6.593242713241695982e-04 5.009928407094380639e-04
9.627118644067798048e-01 -6.378294987279911100e-04 4.577207598027654110e-04
9.932203389830509543e-01 -5.977875024740816716e-04 4.190400896776038026e-04
1.023728813559322104e+00 -5.626916939758683451e-04 3.849556113353110715e-04
1.054237288135593253e+00 -5.299473619209926463e-04 3.547671381111616403e-04
1.084745762711864403e+00 -5.109010842437447042e-04 3.280505286309093695e-04
1.115254237288135553e+00 -4.975605634345812989e-04 3.049219139146737466e-04
1.145762711864406924e+00 -4.908370159660426597e-04 2.847465073443377118e-04
1.176271186440678074e+00 -4.872198097732334922e-04 2.672402949819734411e-04
1.206779661016949223e+00 -4.785075643881622136e-04 2.519827286786267026e-04
1.237288135593220373e+00 -4.761767463544459953e-04 2.389337959203402799e-04
1.267796610169491522e+00 -4.718838353669734930e-04 2.276957919989892670e-04
1.298305084745762672e+00 -4.663509712107156697e-04 2.179113611162674714e-04
1.328813559322033822e+00 -4.653728022607361175e-04 2.094067801796789790e-04
1.359322033898305193e+00 -4.651647388484980695e-04 2.019119125301623127e-04
1.389830508474576343e+00 -4.551635097341413631e-04 1.952294768480930455e-04
1.420338983050847492e+00 -4.476701379941549499e-04 1.890760907488336494e-04
1.450847457627118642e+00 -4.450225739014886648e-04 1.836009829652730514e-04
1.481355932203389791e+00 -4.330867577378479517e-04 1.785649113529992041e-04
1.511864406779660941e+00 -4.276790220098288377e-04 1.739877609845368999e-04
1.542372881355932313e+00 -4.193161024342588646e-04 1.695933580827894949e-04
1.572881355932203462e+00 -4.096675202609450627e-04 1.655630102563497520e-04
1.603389830508474612e+00 -3.998430615151682172e-04 1.618384978531859275e-04
1.633898305084745761e+00 -3.918368059970498709e-04 1.583406934794239287e-04
1.664406779661016911e+00 -3.830375097430324780e-04 1.549904145664174142e-04
1.694915254237288060e+00 -3.733103579496800033e-04 1.518179554148850919e-04
1.725423728813559432e+00 -3.681058345062746570e-04 1.488455422054940603e-04
1.755932203389830581e+00 -3.584780857953987453e-04 1.459753761603796570e-04
1.786440677966101731e+00 -3.504851732089509691e-04 1.432664918122373318e-04
1.816949152542372881e+00 -3.453568824433318990e-04 1.406430890775924177e-04
1.847457627118644030e+00 -3.380196743171396735e-04 1.381434877638896034e-04
1.877966101694915180e+00 -3.314768224357722993e-04 1.357951401986025341e-04
1.908474576271186551e+00 -3.256817033471704642e-04 1.335174559692809033e-04
1.938983050847457701e+00 -3.207551090572256943e-04 1.313307883263179930e-04
1.969491525423728850e+00 -3.127222553263745504e-04 1.292118177843407133e-04
2.000000000000000000e+00 -3.097016204710504152e-04 1.271945433213497051e-04
