# L=14 N = 2744 NB = 48 NR = 2 TOTSTEPS = 400000
2.000000000000000111e-01 3.978090352053006290e-02 6.858721003250964517e-03
2.382978723404255428e-01 3.037165368717268873e-02 5.562754718310060353e-03
2.765957446808510745e-01 2.050733141010094296e-02 4.662466768078276855e-03
3.148936170212766061e-01 1.362333314982215778e-02 3.968571499351930196e-03
3.531914893617021378e-01 8.630325500659879329e-03 3.450975501933754765e-03
3.914893617021276695e-01 5.177987222163739009e-03 3.030298798728090024e-03
4.297872340425532012e-01 2.552709446236964275e-03 2.688889165042002496e-03
4.680851063829787329e-01 6.330561105706814136e-04 2.395793488038235053e-03
5.063829787234042090e-01 -7.696266717855325097e-04 2.135537095340836206e-03
5.446808510638297962e-01 -1.600790744409976091e-03 1.901868564890451824e-03
5.829787234042553834e-01 -2.054198922773749041e-03 1.689746554478713594e-03
6.212765957446808596e-01 -2.033637068495634109e-03 1.506533605564994421e-03
6.595744680851063357e-01 -1.670399161527616949e-03 1.348255970161283800e-03
6.978723404255319229e-01 -1.338950552201534491e-03 1.208095178896930648e-03
7.361702127659575101e-01 -1.086250593966416825e-03 1.083013473905884662e-03
7.744680851063829863e-01 -8.959872156902691379e-04 9.701290498153521688e-04
8.127659574468084624e-01 -7.762328543978722940e-04 8.691429096926338782e-04
8.510638297872339386e-01 -6.277284364585322164e-04 7.814651308723327867e-04
8.893617021276596368e-01 -5.037044819866285609e-04 7.034606896581834705e-04
9.276595744680851130e-01 -4.544657464747235936e-04 6.351152582894093986e-04
9.659574468085105892e-01 -4.207827064347302365e-04 5.740184045906993006e-04
1.004255319148936065e+00 -4.095309042293181754e-04 5.205094251083021298e-04
1.042553191489361764e+00 -4.252935462916825537e-04 4.732753498123839727e-04
1.080851063829787240e+00 -4.372911260953444234e-04 4.320243607904830836e-04
1.119148936170212716e+00 -4.123918026313892651e-04 3.958685040958713941e-04
1.157446808510638192e+00 -4.045063799137548670e-04 3.644704577009967171e-04
1.195744680851063890e+00 -3.832698511405851962e-04 3.374319761122656844e-04
1.234042553191489366e+00 -3.657308767642614904e-04 3.144804207235586506e-04
1.272340425531914843e+00 -3.346984683264750122e-04 2.948834253277454786e-04
1.310638297872340319e+00 -3.183144133724547984e-04 2.781963007852089999e-04
1.348936170212766017e+00 -2.924617751436036457e-04 2.642493808611809554e-04
1.387234042553191493e+00 -2.809914839920631905e-04 2.523929046149194226e-04
1.425531914893616969e+00 -2.602488426284107646e-04 2.423202346900597555e-04
1.463829787234042445e+00 -2.510880162800810758e-04 2.337220977400170172e-04
1.502127659574467922e+00 -2.424373675190664729e-04 2.259960020519250184e-04
1.540425531914893620e+00 -2.260061843969516510e-04 2.190662460344895137e-04
1.578723404255319096e+00 -2.144266942569509021e-04 2.125086244401389794e-04
1.617021276595744572e+00 -2.087014424440346630e-04 2.066980641571753731e-04
1.655319148936170270e+00 -1.948184075536893412e-04 2.011966988946787323e-04
1.693617021276595747e+00 -1.808268198600505427e-04 1.960711479641600490e-04
1.731914893617021223e+00 -1.763409481780745848e-04 1.912844040239019606e-04
1.770212765957446699e+00 -1.651941225223318706e-04 1.868018538015822801e-04
1.808510638297872175e+00 -1.534744244247807088e-04 1.824068800778219266e-04
1.846808510638297873e+00 -1.447657114888258772e-04 1.783708503150360357e-04
1.885106382978723349e+00 -1.387899295370694159e-04 1.746493820181840417e-04
1.923404255319148826e+00 -1.263149131060846506e-04 1.709869724303871149e-04
1.961702127659574524e+00 -1.248953793061936075e-04 1.675181686450894479e-04
2.000000000000000000e+00 -1.146992112000101927e-04 1.642293123821938182e-04
