2.000000000000000111e-01 7.316841976655845750e-03 5.469369960909639151e-03
2.305084745762711884e-01 5.117481540030267145e-03 4.718665850153883415e-03
2.610169491525423657e-01 2.714860057203248144e-03 4.194107930986816155e-03
2.915254237288135708e-01 6.015271007846574505e-04 3.765117908139127383e-03
3.220338983050847759e-01 -1.651336264110501691e-03 3.337025713777586923e-03
3.525423728813559254e-01 -2.163565255094195006e-03 2.989238193858210265e-03
3.830508474576271305e-01 -1.322576985484683011e-03 2.720584376823658498e-03
4.135593220338983356e-01 -4.084456704830520101e-04 2.484865138311330868e-03
4.440677966101694851e-01 2.155759688227297727e-04 2.262942574962108298e-03
4.745762711864406902e-01 4.593678078742842018e-04 2.050282545491925127e-03
5.050847457627118953e-01 3.720263996763761610e-04 1.855657991170207464e-03
5.355932203389830448e-01 3.646297414133882519e-04 1.686163602178548417e-03
5.661016949152541944e-01 3.358014453744774161e-04 1.538290420242517968e-03
5.966101694915254550e-01 2.606355828243369158e-04 1.401270940136195705e-03
6.271186440677967155e-01 2.334318326294526169e-04 1.279382055653213073e-03
6.576271186440678651e-01 9.135686301475382811e-05 1.168228536290533354e-03
6.881355932203390147e-01 -9.557250021487612461e-05 1.063444997061747813e-03
7.186440677966101642e-01 -2.600733158196326953e-04 9.677451701265685387e-04
7.491525423728813138e-01 -3.817341239310507528e-04 8.808107959689017840e-04
7.796610169491526854e-01 -4.412602882151955928e-04 8.038575440068107883e-04
8.101694915254238349e-01 -5.248089013766788977e-04 7.341881438597676161e-04
8.406779661016949845e-01 -5.596092627873271380e-04 6.697398504094244451e-04
8.711864406779661341e-01 -5.946425449726417106e-04 6.105498490043938589e-04
9.016949152542372836e-01 -6.019069293168043166e-04 5.570895265246961084e-04
9.322033898305084332e-01 -5.880919020025783192e-04 5.089630279114234698e-04
9.627118644067798048e-01 -5.635851109379456979e-04 4.655411244054636667e-04
9.932203389830509543e-01 -5.431657786373480330e-04 4.268106452582137375e-04
1.023728813559322104e+00 -5.241717488139541279e-04 3.923211192960812600e-04
1.054237288135593253e+00 -5.021782621504772585e-04 3.616212985596427331e-04
1.084745762711864403e+00 -4.980361233553626948e-04 3.345911202216614788e-04
1.115254237288135553e+00 -4.800443015874856167e-04 3.107685194446872996e-04
1.145762711864406924e+00 -4.685844111459072214e-04 2.899397767578865441e-04
1.176271186440678074e+00 -4.588447460464602050e-04 2.719571739834744629e-04
1.206779661016949223e+00 -4.530948535570021194e-04 2.564135179393321968e-04
1.237288135593220373e+00 -4.403608142940711287e-04 2.428047411313176136e-04
1.267796610169491522e+00 -4.315263170371390019e-04 2.312435834272257289e-04
1.298305084745762672e+00 -4.206518878347673151e-04 2.212307408563396493e-04
1.328813559322033822e+00 -4.126102028631122086e-04 2.125207118271328871e-04
1.359322033898305193e+00 -4.094617792954527284e-04 2.048264395697874910e-04
1.389830508474576343e+00 -4.008433830144741516e-04 1.980811745012456639e-04
1.420338983050847492e+00 -3.917796449987119155e-04 1.919071727663881140e-04
1.450847457627118642e+00 -3.853631947210117248e-04 1.864024904831544530e-04
1.481355932203389791e+00 -3.779507534356069251e-04 1.813140407903411492e-04
1.511864406779660941e+00 -3.711862500594890319e-04 1.765988773195443834e-04
1.542372881355932313e+00 -3.652947079268013299e-04 1.722551955730641825e-04
1.572881355932203462e+00 -3.567061328131831770e-04 1.681122915663907607e-04
1.603389830508474612e+00 -3.499525845107313198e-04 1.643206110393684077e-04
1.633898305084745761e+00 -3.466899669913897533e-04 1.607711372330930630e-04
1.664406779661016911e+00 -3.379531520775048807e-04 1.572481163770507060e-04
1.694915254237288060e+00 -3.316978325188300165e-04 1.541529992143332475e-04
1.725423728813559432e+00 -3.251197557961684500e-04 1.510757149543138773e-04
1.755932203389830581e+00 -3.191725366609296705e-04 1.481785945395647458e-04
1.786440677966101731e+00 -3.132429981153104343e-04 1.454646431874014934e-04
1.816949152542372881e+00 -3.093513260603948027e-04 1.427892711792774836e-04
1.847457627118644030e+00 -3.014509130894041985e-04 1.402600381070233306e-04
1.877966101694915180e+00 -2.975524038033043519e-04 1.378972731851154775e-04
1.908474576271186551e+00 -2.920813965703595834e-04 1.356111543797043596e-04
1.938983050847457701e+00 -2.870374050306600221e-04 1.333692041598202784e-04
1.969491525423728850e+00 -2.826322624853621138e-04 1.312280322265458384e-04
2.000000000000000000e+00 -2.774906037493708928e-04 1.291252851930510407e-04
