2.000000000000000111e-01 1.935809487329938350e-02 5.674446975135296820e-03
2.305084745762711884e-01 1.293962110112265897e-02 4.761269162005908953e-03
2.610169491525423657e-01 8.787352787331588824e-03 4.226641811466163093e-03
2.915254237288135708e-01 4.139671021692071899e-03 3.732091590016335149e-03
3.220338983050847759e-01 1.349677228679495777e-03 3.321590402236603966e-03
3.525423728813559254e-01 2.928138660406774348e-04 2.983862477355133606e-03
3.830508474576271305e-01 2.152211048723390622e-04 2.700061643203808485e-03
4.135593220338983356e-01 3.692365480543564546e-04 2.451099040034065025e-03
4.440677966101694851e-01 5.432654737704212472e-04 2.223265117706227454e-03
4.745762711864406902e-01 3.457579607624354056e-04 2.009564737571056890e-03
5.050847457627118953e-01 9.862886751912601209e-05 1.816800503376465436e-03
5.355932203389830448e-01 -1.817388754429869293e-05 1.652198499223441353e-03
5.661016949152541944e-01 -7.554341167664311099e-05 1.505527753320040022e-03
5.966101694915254550e-01 -9.651040125192783873e-05 1.371488945455628418e-03
6.271186440677967155e-01 -6.922188296286287948e-05 1.250644116329625161e-03
6.576271186440678651e-01 -1.337913848056867660e-04 1.141812560234231914e-03
6.881355932203390147e-01 -2.550726651433004233e-04 1.040582161336637591e-03
7.186440677966101642e-01 -4.044287416056017146e-04 9.461359186793217094e-04
7.491525423728813138e-01 -5.006567868495918157e-04 8.616730510012047531e-04
7.796610169491526854e-01 -5.374284551687573451e-04 7.867754651869472053e-04
8.101694915254238349e-01 -5.755605331414240461e-04 7.185655722202197778e-04
8.406779661016949845e-01 -6.401472252092001202e-04 6.558729041577146795e-04
8.711864406779661341e-01 -6.763352192923320367e-04 5.979608655421830930e-04
9.016949152542372836e-01 -6.754189430228544700e-04 5.450938183156157565e-04
9.322033898305084332e-01 -6.541948193682221207e-04 4.976148356805665859e-04
9.627118644067798048e-01 -6.309991854621763586e-04 4.547705444944275845e-04
9.932203389830509543e-01 -5.865835752186108120e-04 4.164180749303911526e-04
1.023728813559322104e+00 -5.502011744862886442e-04 3.823959459897390716e-04
1.054237288135593253e+00 -5.317117403651311055e-04 3.524658796681224638e-04
1.084745762711864403e+00 -5.083345085921218021e-04 3.258941230265254571e-04
1.115254237288135553e+00 -4.957060240230629989e-04 3.027180610488605173e-04
1.145762711864406924e+00 -4.907580198811269025e-04 2.826979823020734435e-04
1.176271186440678074e+00 -4.800006762863068071e-04 2.650532599780634486e-04
1.206779661016949223e+00 -4.665247008036309002e-04 2.498442042655814885e-04
1.237288135593220373e+00 -4.571459166947261510e-04 2.367627181511115027e-04
1.267796610169491522e+00 -4.513590366026353916e-04 2.255585293230481997e-04
1.298305084745762672e+00 -4.424322081269168867e-04 2.157729692500769342e-04
1.328813559322033822e+00 -4.380565926839191768e-04 2.073243252892102500e-04
1.359322033898305193e+00 -4.326463656913135660e-04 1.999192634161885552e-04
1.389830508474576343e+00 -4.246733024261597220e-04 1.932808918877016791e-04
1.420338983050847492e+00 -4.179038244939561951e-04 1.873626327699179242e-04
1.450847457627118642e+00 -4.148987202010470448e-04 1.818327743695278816e-04
1.481355932203389791e+00 -4.072467099073187992e-04 1.768523165130196715e-04
1.511864406779660941e+00 -4.002736081850857158e-04 1.722161513213115390e-04
1.542372881355932313e+00 -3.933001996387496153e-04 1.680322519341416595e-04
1.572881355932203462e+00 -3.867766952384954341e-04 1.640063158647686549e-04
1.603389830508474612e+00 -3.797723798164805219e-04 1.602264280237164528e-04
1.633898305084745761e+00 -3.712118254368844059e-04 1.567446059573167154e-04
1.664406779661016911e+00 -3.648587155857507250e-04 1.534249665327211680e-04
1.694915254237288060e+00 -3.597001782702207578e-04 1.502571960577637144e-04
1.725423728813559432e+00 -3.523792958258391349e-04 1.473259058974246639e-04
1.755932203389830581e+00 -3.446060619055725874e-04 1.444482103256504609e-04
1.786440677966101731e+00 -3.364722292978382444e-04 1.417905068776938258e-04
1.816949152542372881e+00 -3.356827070759047871e-04 1.390780930767563435e-04
1.847457627118644030e+00 -3.271281910386885467e-04 1.367562676138448787e-04
1.877966101694915180e+00 -3.227135328997989667e-04 1.343463986245552709e-04
1.908474576271186551e+00 -3.165269399085920629e-04 1.320183712056168315e-04
1.938983050847457701e+00 -3.113082344827426792e-04 1.298880835280161693e-04
1.969491525423728850e+00 -3.050991645496277491e-04 1.278156619017779166e-04
2.000000000000000000e+00 -3.035972094222070747e-04 1.258240659585309481e-04
