2.000000000000000111e-01 2.786689530671911108e-02 5.843354741667538405e-03
2.305084745762711884e-01 2.044434803263884062e-02 4.945019909592886405e-03
2.610169491525423657e-01 1.329255618295554532e-02 4.295047479247674285e-03
2.915254237288135708e-01 8.087292615754158864e-03 3.787566379065756238e-03
3.220338983050847759e-01 4.429742340691452882e-03 3.351591851810642973e-03
3.525423728813559254e-01 2.546272013390059492e-03 2.999288825170210067e-03
3.830508474576271305e-01 1.883324752282605373e-03 2.710572533213008103e-03
4.135593220338983356e-01 1.767613817717993488e-03 2.460136420497083688e-03
4.440677966101694851e-01 1.443950777580569863e-03 2.227503851548469360e-03
4.745762711864406902e-01 9.045752378409625469e-04 2.013738117782757665e-03
5.050847457627118953e-01 4.515071570523305849e-04 1.825408284077875308e-03
5.355932203389830448e-01 9.056707116026553486e-05 1.660255471882625877e-03
5.661016949152541944e-01 -1.619051843680255961e-04 1.508744572169039375e-03
5.966101694915254550e-01 -2.776967810205759773e-04 1.369840136024954962e-03
6.271186440677967155e-01 -2.202646186326957334e-04 1.249409193036837753e-03
6.576271186440678651e-01 -2.458442831029872874e-04 1.141002086556184864e-03
6.881355932203390147e-01 -3.736038026966228957e-04 1.039473863373350853e-03
7.186440677966101642e-01 -4.900872090640172362e-04 9.458549910750788711e-04
7.491525423728813138e-01 -5.404597660189628576e-04 8.613820765639802540e-04
7.796610169491526854e-01 -5.463604858321912837e-04 7.868392787152934725e-04
8.101694915254238349e-01 -5.917702411075044392e-04 7.191648655467981896e-04
8.406779661016949845e-01 -6.334534780723841650e-04 6.559901871451075291e-04
8.711864406779661341e-01 -6.670464022783101875e-04 5.981052933189024041e-04
9.016949152542372836e-01 -6.781880527897182678e-04 5.455326850017156630e-04
9.322033898305084332e-01 -6.537519659894860426e-04 4.974746136789575052e-04
9.627118644067798048e-01 -6.263711241489323695e-04 4.549706670602285223e-04
9.932203389830509543e-01 -5.894027663598016198e-04 4.163979289629424229e-04
1.023728813559322104e+00 -5.592597976328261009e-04 3.824200253403707670e-04
1.054237288135593253e+00 -5.277855843501101998e-04 3.523416007127984535e-04
1.084745762711864403e+00 -5.122329602238077451e-04 3.258678729583983059e-04
1.115254237288135553e+00 -4.979774083637138627e-04 3.027597991813850160e-04
1.145762711864406924e+00 -4.810050719980833375e-04 2.826395112099384780e-04
1.176271186440678074e+00 -4.806995332593734667e-04 2.650773772726633696e-04
1.206779661016949223e+00 -4.714680015748268639e-04 2.498707539681044938e-04
1.237288135593220373e+00 -4.589342198692075107e-04 2.368634765411962051e-04
1.267796610169491522e+00 -4.493394389983834778e-04 2.254555417148203288e-04
1.298305084745762672e+00 -4.430950740453396962e-04 2.157516852033825061e-04
1.328813559322033822e+00 -4.381982069627014201e-04 2.072870982785760419e-04
1.359322033898305193e+00 -4.304025066510063359e-04 1.998849633041544882e-04
1.389830508474576343e+00 -4.250802733957417443e-04 1.932244883876870140e-04
1.420338983050847492e+00 -4.205275828375432232e-04 1.872660633982185113e-04
1.450847457627118642e+00 -4.119795417677664796e-04 1.818607883883732723e-04
1.481355932203389791e+00 -4.075883190623946295e-04 1.768344881301022375e-04
1.511864406779660941e+00 -4.003677389647081609e-04 1.722490007114481499e-04
1.542372881355932313e+00 -3.935337769965429537e-04 1.679730167155972487e-04
1.572881355932203462e+00 -3.846432722199363678e-04 1.640027758666632131e-04
1.603389830508474612e+00 -3.783676117892383062e-04 1.603286565640066948e-04
1.633898305084745761e+00 -3.704203386313986322e-04 1.567240104348197418e-04
1.664406779661016911e+00 -3.635060164291399349e-04 1.534388416022369468e-04
1.694915254237288060e+00 -3.588250293271248292e-04 1.502194600350501127e-04
1.725423728813559432e+00 -3.481107171811689436e-04 1.473024499550036831e-04
1.755932203389830581e+00 -3.435028437348072597e-04 1.444056105211606014e-04
1.786440677966101731e+00 -3.370011482997254402e-04 1.417978041495318868e-04
1.816949152542372881e+00 -3.345076235240635452e-04 1.391784801309095326e-04
1.847457627118644030e+00 -3.268908465517336433e-04 1.366876951124782662e-04
1.877966101694915180e+00 -3.225949255165648575e-04 1.343123453915904479e-04
1.908474576271186551e+00 -3.182121916587012881e-04 1.321128344672827741e-04
1.938983050847457701e+00 -3.116239426836605372e-04 1.299198044004879382e-04
1.969491525423728850e+00 -3.041649278721338871e-04 1.278201422571552262e-04
2.000000000000000000e+00 -2.996948552531621080e-04 1.258320038806060254e-04
