# L=14 N = 2744 NB = 48 NR = 2 TOTSTEPS = 400000
2.000000000000000111e-01 2.081738892341397917e-01 8.190340529170489492e-03
2.382978723404255428e-01 1.658097249323917666e-01 6.432651358923738120e-03
2.765957446808510745e-01 1.328967668628648902e-01 5.253043260814527736e-03
3.148936170212766061e-01 1.088329555045223218e-01 4.411638465913958300e-03
3.531914893617021378e-01 9.123087508290704528e-02 3.761118609385023705e-03
3.914893617021276695e-01 7.751312610776613099e-02 3.238978901087099030e-03
4.297872340425532012e-01 6.776562856268265878e-02 2.817918281372699431e-03
4.680851063829787329e-01 6.072170095629884912e-02 2.471107138276022307e-03
5.063829787234042090e-01 5.554276194063072214e-02 2.167749752461090463e-03
5.446808510638297962e-01 5.208134086419341502e-02 1.913873497235318638e-03
5.829787234042553834e-01 4.930330835755831337e-02 1.699318865455729877e-03
6.212765957446808596e-01 4.740620587775661726e-02 1.512273224921809002e-03
6.595744680851063357e-01 4.560735099156397465e-02 1.355766531773535148e-03
6.978723404255319229e-01 4.369928535726945451e-02 1.207571338605921462e-03
7.361702127659575101e-01 4.209073139048009893e-02 1.082301820284159964e-03
7.744680851063829863e-01 4.022212245214074056e-02 9.685102920580928882e-04
8.127659574468084624e-01 3.816516506496564487e-02 8.664778079854689417e-04
8.510638297872339386e-01 3.577913161009108750e-02 7.772723277852896552e-04
8.893617021276596368e-01 3.325943266206763532e-02 7.003158823335390963e-04
9.276595744680851130e-01 3.039324960383483001e-02 6.320289740736002903e-04
9.659574468085105892e-01 2.742832195872503195e-02 5.711255772911983698e-04
1.004255319148936065e+00 2.400896602277608274e-02 5.173510540026524888e-04
1.042553191489361764e+00 2.066376667807509615e-02 4.699452709235055680e-04
1.080851063829787240e+00 1.688436307524009139e-02 4.276895377188566147e-04
1.119148936170212716e+00 1.311155192913424604e-02 3.953201419023378649e-04
1.157446808510638192e+00 8.954637000619849324e-03 3.637898198226506802e-04
1.195744680851063890e+00 4.459490291151419795e-03 3.349088697312869079e-04
1.234042553191489366e+00 1.079626377226341073e-04 3.095858964389235513e-04
1.272340425531914843e+00 -4.549500984706476674e-03 2.931527403788554745e-04
1.310638297872340319e+00 -9.273681016565064189e-03 2.784165393498725695e-04
1.348936170212766017e+00 -1.437768281635811579e-02 2.663834124417883238e-04
1.387234042553191493e+00 -1.936250635391668570e-02 2.554950413473938307e-04
1.425531914893616969e+00 -2.476353986984244915e-02 2.417287166327923337e-04
1.463829787234042445e+00 -2.996649998824315111e-02 2.344168461255743496e-04
1.502127659574467922e+00 -3.537523295406369561e-02 2.293424847591639089e-04
1.540425531914893620e+00 -4.076379890869558098e-02 2.208689181278084403e-04
1.578723404255319096e+00 -4.609432212190345962e-02 2.195279119911113875e-04
1.617021276595744572e+00 -5.164026816773344825e-02 2.133605342755290140e-04
1.655319148936170270e+00 -5.718545643771433262e-02 2.082064244932027737e-04
1.693617021276595747e+00 -6.265077344177723273e-02 2.032476965709379346e-04
1.731914893617021223e+00 -6.809596487185200220e-02 2.011643142425900796e-04
1.770212765957446699e+00 -7.335062185405458179e-02 1.974527080242683438e-04
1.808510638297872175e+00 -7.875689994369357294e-02 1.969635769520497524e-04
1.846808510638297873e+00 -8.417452998336227843e-02 1.916419357951385264e-04
1.885106382978723349e+00 -8.956228156934301077e-02 1.862478221786442658e-04
1.923404255319148826e+00 -9.464000723002725934e-02 1.855193361235192193e-04
1.961702127659574524e+00 -9.980324792569607306e-02 1.819287049601203189e-04
2.000000000000000000e+00 -1.049088157570046836e-01 1.850519596228196440e-04
