0.200000 0.17594412633503 0.00848483146855
0.238298 0.16318446979373 0.00685763593745
0.276596 0.13891503838370 0.00575197840028
0.314894 0.11280060347226 0.00486501076818
0.353191 0.08916196213211 0.00414218410409
0.391489 0.06958154796002 0.00355971200523
0.429787 0.05313701691315 0.00308057202385
0.468085 0.03992926675074 0.00267843716674
0.506383 0.02869566095350 0.00232937905812
0.544681 0.02028472464000 0.00203806949384
0.582979 0.01403462800509 0.00178989647836
0.621277 0.00929929542663 0.00158049505436
0.659574 0.00593811794811 0.00140102926234
0.697872 0.00352680609079 0.00124314349937
0.736170 0.00191601363072 0.00110978744114
0.774468 0.00083384592499 0.00099180751809
0.812766 0.00012340914349 0.00088509457696
0.851064 -0.00019184685560 0.00079277051411
0.889362 -0.00043390721565 0.00071132827349
0.927660 -0.00049303937206 0.00063964698236
0.965957 -0.00046427292393 0.00057688032659
1.004255 -0.00046389132794 0.00052293269290
1.042553 -0.00045572693204 0.00047389775852
1.080851 -0.00046925825964 0.00043281772118
1.119149 -0.00043844478841 0.00039565722886
1.157447 -0.00041341902445 0.00036486712072
1.195745 -0.00039553033854 0.00033725473080
1.234043 -0.00036154486856 0.00031410585490
1.272340 -0.00034715241066 0.00029456202998
1.310638 -0.00032329506502 0.00027809361116
1.348936 -0.00030293565203 0.00026490046835
1.387234 -0.00026806396517 0.00025331901138
1.425532 -0.00025780033568 0.00024244538064
1.463830 -0.00024776509850 0.00023371473345
1.502128 -0.00022317624248 0.00022605296253
1.540426 -0.00022444405057 0.00021919253471
1.578723 -0.00022669181873 0.00021307560743
1.617021 -0.00021088310282 0.00020711046744
1.655319 -0.00018738455725 0.00020149047638
1.693617 -0.00017569093240 0.00019628624193
1.731915 -0.00017324822460 0.00019136050013
1.770213 -0.00016672921670 0.00018697284729
1.808511 -0.00016736048632 0.00018281689023
1.846809 -0.00015232320066 0.00017852961011
1.885106 -0.00015052070208 0.00017474226274
1.923404 -0.00013541505769 0.00017140256010
1.961702 -0.00014067742407 0.00016745263062
2.000000 -0.00011536211939 0.00016426036650
