3.902439024390243958e+03
3.970223325062034746e+03
3.902439024390243958e+03
3.921568627450980330e+03
3.970223325062034746e+03
3.864734299516908322e+03
3.926380368098159579e+03
3.955500618046971795e+03
3.921568627450980330e+03
3.985056039850560410e+03
3.970223325062034746e+03
3.926380368098159579e+03
3.878787878787878981e+03
3.970223325062034746e+03
3.769140164899882166e+03
4.071246819338422483e+03
4.015056461731493073e+03
3.950617283950617093e+03
3.936039360393604056e+03
3.860072376357056783e+03
3.931203931203931006e+03
3.970223325062034746e+03
3.841536614645858208e+03
3.846153846153846189e+03
3.950617283950617093e+03
4.005006257822277803e+03
3.883495145631067771e+03
3.874092009685230096e+03
3.916768665850673187e+03
3.960396039603960617e+03
3.970223325062034746e+03
3.970223325062034746e+03
4.005006257822277803e+03
3.846153846153846189e+03
3.892944038929440467e+03
4.324324324324324152e+03
3.985056039850560410e+03
4.000000000000000000e+03
3.864734299516908322e+03
4.050632911392405276e+03
3.846153846153846189e+03
3.980099502487562404e+03
4.249667994687914870e+03
3.878787878787878981e+03
3.995006242197253414e+03
3.907203907203907420e+03
3.827751196172248910e+03
3.864734299516908322e+03
3.860072376357056783e+03
3.975155279503105703e+03
4.005006257822277803e+03
4.145077720207254060e+03
3.823178016726403712e+03
3.995006242197253414e+03
3.747072599531616106e+03
3.970223325062034746e+03
3.931203931203931006e+03
3.720930232558139323e+03
3.960396039603960617e+03
3.990024937655860413e+03
3.955500618046971795e+03
3.926380368098159579e+03
3.883495145631067771e+03
3.878787878787878981e+03
3.878787878787878981e+03
3.926380368098159579e+03
4.050632911392405276e+03
4.000000000000000000e+03
4.040404040404040188e+03
4.086845466155811209e+03
3.823178016726403712e+03
4.020100502512562798e+03
3.916768665850673187e+03
3.936039360393604056e+03
4.015056461731493073e+03
3.950617283950617093e+03
3.975155279503105703e+03
3.874092009685230096e+03
3.921568627450980330e+03
4.060913705583756382e+03
3.911980440097799601e+03
3.764705882352940989e+03
3.980099502487562404e+03
3.945745992601726357e+03
4.060913705583756382e+03
3.965303593556381657e+03
3.921568627450980330e+03
4.035308953341740107e+03
4.030226700251889270e+03
3.940886699507389039e+03
3.888213851761846854e+03
3.725261932479627376e+03
3.955500618046971795e+03
3.888213851761846854e+03
3.970223325062034746e+03
3.897685749086479973e+03
3.975155279503105703e+03
3.850782190132370488e+03
3.990024937655860413e+03
3.827751196172248910e+03
4.071246819338422483e+03
3.911980440097799601e+03
3.975155279503105703e+03
4.000000000000000000e+03
4.139715394566623218e+03
4.005006257822277803e+03
3.864734299516908322e+03
4.076433121019108057e+03
4.000000000000000000e+03
4.060913705583756382e+03
4.050632911392405276e+03
3.911980440097799601e+03
3.980099502487562404e+03
3.832335329341317447e+03
3.970223325062034746e+03
4.020100502512562798e+03
4.010025062656641694e+03
4.086845466155811209e+03
3.965303593556381657e+03
4.129032258064516100e+03
3.975155279503105703e+03
3.995006242197253414e+03
4.097311139564661062e+03
4.035308953341740107e+03
3.911980440097799601e+03
4.204993429697766260e+03
4.306864064602960752e+03
4.123711340206185923e+03
4.260985352862849140e+03
