922
1967
256
86
392
1842
1223
1428
1766
326
913
527
384
1408
1829
1870
626
1887
1812
471
1643
266
624
825
947
609
406
1059
139
14
1927
1597
255
1585
117
657
891
18
130
1681
177
387
933
654
1422
530
1535
382
1678
925
679
821
1283
852
432
450
1086
466
361
515
1405
1751
611
1112
1041
141
556
1633
219
1847
1009
1981
846
991
756
511
1657
1513
154
798
994
965
195
1348
1048
1727
1617
787
1902
1865
605
1667
899
775
1247
1341
649
1115
748
1073
1572
642
1343
1741
1144
711
1176
287
123
1925
1173
390
1511
444
930
979
51
1653
1941
1701
329
818
481
1840
826
707
391
101
1323
